0 0.000000 12.700000
1 0.000000 -12.700000
2 0.000000 15.240000
3 0.000000 -15.240000
4 0.000000 17.780000
5 0.000000 -17.780000
6 0.000000 20.320000
7 0.000000 -20.320000
8 0.000000 22.860000
9 0.000000 -22.860000
10 0.000000 25.400000
11 0.000000 -25.400000
12 0.000000 27.940000
13 0.000000 -27.940000
14 0.000000 30.480000
15 0.000000 -30.480000
16 0.000000 33.020000
17 0.000000 -33.020000
18 0.000000 35.560000
19 0.000000 -35.560000
20 0.000000 38.100000
21 0.000000 -38.100000
22 0.000000 40.640000
23 0.000000 -40.640000
24 0.000000 43.180000
25 0.000000 -43.180000
26 0.000000 45.720000
27 0.000000 -45.720000
28 0.000000 48.260000
29 0.000000 -48.260000
30 0.000000 50.800000
31 0.000000 -50.800000
32 0.000000 53.340000
33 0.000000 -53.340000
34 0.000000 55.880000
35 0.000000 -55.880000
36 0.000000 58.420000
37 0.000000 -58.420000
38 0.000000 60.960000
39 0.000000 -60.960000
40 0.000000 63.500000
41 0.000000 -63.500000
42 0.000000 66.040000
43 0.000000 -66.040000
44 0.000000 68.580000
45 0.000000 -68.580000
46 0.000000 71.120000
47 0.000000 -71.120000
48 0.000000 73.660000
49 0.000000 -73.660000
50 0.000000 76.200000
51 0.000000 -76.200000
52 0.000000 78.740000
53 0.000000 -78.740000
54 0.000000 81.280000
55 0.000000 -81.280000
56 0.000000 83.820000
57 0.000000 -83.820000
58 0.000000 86.360000
59 0.000000 -86.360000
60 0.000000 88.900000
61 0.000000 -88.900000
62 2.540000 12.700000
63 2.540000 -12.700000
64 2.540000 15.240000
65 2.540000 -15.240000
66 2.540000 17.780000
67 2.540000 -17.780000
68 2.540000 20.320000
69 2.540000 -20.320000
70 2.540000 22.860000
71 2.540000 -22.860000
72 2.540000 25.400000
73 2.540000 -25.400000
74 2.540000 27.940000
75 2.540000 -27.940000
76 2.540000 30.480000
77 2.540000 -30.480000
78 2.540000 33.020000
79 2.540000 -33.020000
80 2.540000 35.560000
81 2.540000 -35.560000
82 2.540000 38.100000
83 2.540000 -38.100000
84 2.540000 40.640000
85 2.540000 -40.640000
86 2.540000 43.180000
87 2.540000 -43.180000
88 2.540000 45.720000
89 2.540000 -45.720000
90 2.540000 48.260000
91 2.540000 -48.260000
92 2.540000 50.800000
93 2.540000 -50.800000
94 2.540000 53.340000
95 2.540000 -53.340000
96 2.540000 55.880000
97 2.540000 -55.880000
98 2.540000 58.420000
99 2.540000 -58.420000
100 2.540000 60.960000
101 2.540000 -60.960000
102 2.540000 63.500000
103 2.540000 -63.500000
104 2.540000 66.040000
105 2.540000 -66.040000
106 2.540000 68.580000
107 2.540000 -68.580000
108 2.540000 71.120000
109 2.540000 -71.120000
110 2.540000 73.660000
111 2.540000 -73.660000
112 2.540000 76.200000
113 2.540000 -76.200000
114 2.540000 78.740000
115 2.540000 -78.740000
116 2.540000 81.280000
117 2.540000 -81.280000
118 2.540000 83.820000
119 2.540000 -83.820000
120 2.540000 86.360000
121 2.540000 -86.360000
122 2.540000 88.900000
123 2.540000 -88.900000
124 -2.540000 12.700000
125 -2.540000 -12.700000
126 -2.540000 15.240000
127 -2.540000 -15.240000
128 -2.540000 17.780000
129 -2.540000 -17.780000
130 -2.540000 20.320000
131 -2.540000 -20.320000
132 -2.540000 22.860000
133 -2.540000 -22.860000
134 -2.540000 25.400000
135 -2.540000 -25.400000
136 -2.540000 27.940000
137 -2.540000 -27.940000
138 -2.540000 30.480000
139 -2.540000 -30.480000
140 -2.540000 33.020000
141 -2.540000 -33.020000
142 -2.540000 35.560000
143 -2.540000 -35.560000
144 -2.540000 38.100000
145 -2.540000 -38.100000
146 -2.540000 40.640000
147 -2.540000 -40.640000
148 -2.540000 43.180000
149 -2.540000 -43.180000
150 -2.540000 45.720000
151 -2.540000 -45.720000
152 -2.540000 48.260000
153 -2.540000 -48.260000
154 -2.540000 50.800000
155 -2.540000 -50.800000
156 -2.540000 53.340000
157 -2.540000 -53.340000
158 -2.540000 55.880000
159 -2.540000 -55.880000
160 -2.540000 58.420000
161 -2.540000 -58.420000
162 -2.540000 60.960000
163 -2.540000 -60.960000
164 -2.540000 63.500000
165 -2.540000 -63.500000
166 -2.540000 66.040000
167 -2.540000 -66.040000
168 -2.540000 68.580000
169 -2.540000 -68.580000
170 -2.540000 71.120000
171 -2.540000 -71.120000
172 -2.540000 73.660000
173 -2.540000 -73.660000
174 -2.540000 76.200000
175 -2.540000 -76.200000
176 -2.540000 78.740000
177 -2.540000 -78.740000
178 -2.540000 81.280000
179 -2.540000 -81.280000
180 -2.540000 83.820000
181 -2.540000 -83.820000
182 -2.540000 86.360000
183 -2.540000 -86.360000
184 -2.540000 88.900000
185 -2.540000 -88.900000
186 5.080000 12.700000
187 5.080000 -12.700000
188 5.080000 15.240000
189 5.080000 -15.240000
190 5.080000 17.780000
191 5.080000 -17.780000
192 5.080000 20.320000
193 5.080000 -20.320000
194 5.080000 22.860000
195 5.080000 -22.860000
196 5.080000 25.400000
197 5.080000 -25.400000
198 5.080000 27.940000
199 5.080000 -27.940000
200 5.080000 30.480000
201 5.080000 -30.480000
202 5.080000 33.020000
203 5.080000 -33.020000
204 5.080000 35.560000
205 5.080000 -35.560000
206 5.080000 38.100000
207 5.080000 -38.100000
208 5.080000 40.640000
209 5.080000 -40.640000
210 5.080000 43.180000
211 5.080000 -43.180000
212 5.080000 45.720000
213 5.080000 -45.720000
214 5.080000 48.260000
215 5.080000 -48.260000
216 5.080000 50.800000
217 5.080000 -50.800000
218 5.080000 53.340000
219 5.080000 -53.340000
220 5.080000 55.880000
221 5.080000 -55.880000
222 5.080000 58.420000
223 5.080000 -58.420000
224 5.080000 60.960000
225 5.080000 -60.960000
226 5.080000 63.500000
227 5.080000 -63.500000
228 5.080000 66.040000
229 5.080000 -66.040000
230 5.080000 68.580000
231 5.080000 -68.580000
232 5.080000 71.120000
233 5.080000 -71.120000
234 5.080000 73.660000
235 5.080000 -73.660000
236 5.080000 76.200000
237 5.080000 -76.200000
238 5.080000 78.740000
239 5.080000 -78.740000
240 5.080000 81.280000
241 5.080000 -81.280000
242 5.080000 83.820000
243 5.080000 -83.820000
244 5.080000 86.360000
245 5.080000 -86.360000
246 5.080000 88.900000
247 5.080000 -88.900000
248 -5.080000 12.700000
249 -5.080000 -12.700000
250 -5.080000 15.240000
251 -5.080000 -15.240000
252 -5.080000 17.780000
253 -5.080000 -17.780000
254 -5.080000 20.320000
255 -5.080000 -20.320000
256 -5.080000 22.860000
257 -5.080000 -22.860000
258 -5.080000 25.400000
259 -5.080000 -25.400000
260 -5.080000 27.940000
261 -5.080000 -27.940000
262 -5.080000 30.480000
263 -5.080000 -30.480000
264 -5.080000 33.020000
265 -5.080000 -33.020000
266 -5.080000 35.560000
267 -5.080000 -35.560000
268 -5.080000 38.100000
269 -5.080000 -38.100000
270 -5.080000 40.640000
271 -5.080000 -40.640000
272 -5.080000 43.180000
273 -5.080000 -43.180000
274 -5.080000 45.720000
275 -5.080000 -45.720000
276 -5.080000 48.260000
277 -5.080000 -48.260000
278 -5.080000 50.800000
279 -5.080000 -50.800000
280 -5.080000 53.340000
281 -5.080000 -53.340000
282 -5.080000 55.880000
283 -5.080000 -55.880000
284 -5.080000 58.420000
285 -5.080000 -58.420000
286 -5.080000 60.960000
287 -5.080000 -60.960000
288 -5.080000 63.500000
289 -5.080000 -63.500000
290 -5.080000 66.040000
291 -5.080000 -66.040000
292 -5.080000 68.580000
293 -5.080000 -68.580000
294 -5.080000 71.120000
295 -5.080000 -71.120000
296 -5.080000 73.660000
297 -5.080000 -73.660000
298 -5.080000 76.200000
299 -5.080000 -76.200000
300 -5.080000 78.740000
301 -5.080000 -78.740000
302 -5.080000 81.280000
303 -5.080000 -81.280000
304 -5.080000 83.820000
305 -5.080000 -83.820000
306 -5.080000 86.360000
307 -5.080000 -86.360000
308 -5.080000 88.900000
309 -5.080000 -88.900000
310 7.620000 10.160000
311 7.620000 -10.160000
312 7.620000 12.700000
313 7.620000 -12.700000
314 7.620000 15.240000
315 7.620000 -15.240000
316 7.620000 17.780000
317 7.620000 -17.780000
318 7.620000 20.320000
319 7.620000 -20.320000
320 7.620000 22.860000
321 7.620000 -22.860000
322 7.620000 25.400000
323 7.620000 -25.400000
324 7.620000 27.940000
325 7.620000 -27.940000
326 7.620000 30.480000
327 7.620000 -30.480000
328 7.620000 33.020000
329 7.620000 -33.020000
330 7.620000 35.560000
331 7.620000 -35.560000
332 7.620000 38.100000
333 7.620000 -38.100000
334 7.620000 40.640000
335 7.620000 -40.640000
336 7.620000 43.180000
337 7.620000 -43.180000
338 7.620000 45.720000
339 7.620000 -45.720000
340 7.620000 48.260000
341 7.620000 -48.260000
342 7.620000 50.800000
343 7.620000 -50.800000
344 7.620000 53.340000
345 7.620000 -53.340000
346 7.620000 55.880000
347 7.620000 -55.880000
348 7.620000 58.420000
349 7.620000 -58.420000
350 7.620000 60.960000
351 7.620000 -60.960000
352 7.620000 63.500000
353 7.620000 -63.500000
354 7.620000 66.040000
355 7.620000 -66.040000
356 7.620000 68.580000
357 7.620000 -68.580000
358 7.620000 71.120000
359 7.620000 -71.120000
360 7.620000 73.660000
361 7.620000 -73.660000
362 7.620000 76.200000
363 7.620000 -76.200000
364 7.620000 78.740000
365 7.620000 -78.740000
366 7.620000 81.280000
367 7.620000 -81.280000
368 7.620000 83.820000
369 7.620000 -83.820000
370 7.620000 86.360000
371 7.620000 -86.360000
372 7.620000 88.900000
373 7.620000 -88.900000
374 -7.620000 10.160000
375 -7.620000 -10.160000
376 -7.620000 12.700000
377 -7.620000 -12.700000
378 -7.620000 15.240000
379 -7.620000 -15.240000
380 -7.620000 17.780000
381 -7.620000 -17.780000
382 -7.620000 20.320000
383 -7.620000 -20.320000
384 -7.620000 22.860000
385 -7.620000 -22.860000
386 -7.620000 25.400000
387 -7.620000 -25.400000
388 -7.620000 27.940000
389 -7.620000 -27.940000
390 -7.620000 30.480000
391 -7.620000 -30.480000
392 -7.620000 33.020000
393 -7.620000 -33.020000
394 -7.620000 35.560000
395 -7.620000 -35.560000
396 -7.620000 38.100000
397 -7.620000 -38.100000
398 -7.620000 40.640000
399 -7.620000 -40.640000
400 -7.620000 43.180000
401 -7.620000 -43.180000
402 -7.620000 45.720000
403 -7.620000 -45.720000
404 -7.620000 48.260000
405 -7.620000 -48.260000
406 -7.620000 50.800000
407 -7.620000 -50.800000
408 -7.620000 53.340000
409 -7.620000 -53.340000
410 -7.620000 55.880000
411 -7.620000 -55.880000
412 -7.620000 58.420000
413 -7.620000 -58.420000
414 -7.620000 60.960000
415 -7.620000 -60.960000
416 -7.620000 63.500000
417 -7.620000 -63.500000
418 -7.620000 66.040000
419 -7.620000 -66.040000
420 -7.620000 68.580000
421 -7.620000 -68.580000
422 -7.620000 71.120000
423 -7.620000 -71.120000
424 -7.620000 73.660000
425 -7.620000 -73.660000
426 -7.620000 76.200000
427 -7.620000 -76.200000
428 -7.620000 78.740000
429 -7.620000 -78.740000
430 -7.620000 81.280000
431 -7.620000 -81.280000
432 -7.620000 83.820000
433 -7.620000 -83.820000
434 -7.620000 86.360000
435 -7.620000 -86.360000
436 -7.620000 88.900000
437 -7.620000 -88.900000
438 10.160000 7.620000
439 10.160000 -7.620000
440 10.160000 10.160000
441 10.160000 -10.160000
442 10.160000 12.700000
443 10.160000 -12.700000
444 10.160000 15.240000
445 10.160000 -15.240000
446 10.160000 17.780000
447 10.160000 -17.780000
448 10.160000 20.320000
449 10.160000 -20.320000
450 10.160000 22.860000
451 10.160000 -22.860000
452 10.160000 25.400000
453 10.160000 -25.400000
454 10.160000 27.940000
455 10.160000 -27.940000
456 10.160000 30.480000
457 10.160000 -30.480000
458 10.160000 33.020000
459 10.160000 -33.020000
460 10.160000 35.560000
461 10.160000 -35.560000
462 10.160000 38.100000
463 10.160000 -38.100000
464 10.160000 40.640000
465 10.160000 -40.640000
466 10.160000 43.180000
467 10.160000 -43.180000
468 10.160000 45.720000
469 10.160000 -45.720000
470 10.160000 48.260000
471 10.160000 -48.260000
472 10.160000 50.800000
473 10.160000 -50.800000
474 10.160000 53.340000
475 10.160000 -53.340000
476 10.160000 55.880000
477 10.160000 -55.880000
478 10.160000 58.420000
479 10.160000 -58.420000
480 10.160000 60.960000
481 10.160000 -60.960000
482 10.160000 63.500000
483 10.160000 -63.500000
484 10.160000 66.040000
485 10.160000 -66.040000
486 10.160000 68.580000
487 10.160000 -68.580000
488 10.160000 71.120000
489 10.160000 -71.120000
490 10.160000 73.660000
491 10.160000 -73.660000
492 10.160000 76.200000
493 10.160000 -76.200000
494 10.160000 78.740000
495 10.160000 -78.740000
496 10.160000 81.280000
497 10.160000 -81.280000
498 10.160000 83.820000
499 10.160000 -83.820000
500 10.160000 86.360000
501 10.160000 -86.360000
502 10.160000 88.900000
503 10.160000 -88.900000
504 -10.160000 7.620000
505 -10.160000 -7.620000
506 -10.160000 10.160000
507 -10.160000 -10.160000
508 -10.160000 12.700000
509 -10.160000 -12.700000
510 -10.160000 15.240000
511 -10.160000 -15.240000
512 -10.160000 17.780000
513 -10.160000 -17.780000
514 -10.160000 20.320000
515 -10.160000 -20.320000
516 -10.160000 22.860000
517 -10.160000 -22.860000
518 -10.160000 25.400000
519 -10.160000 -25.400000
520 -10.160000 27.940000
521 -10.160000 -27.940000
522 -10.160000 30.480000
523 -10.160000 -30.480000
524 -10.160000 33.020000
525 -10.160000 -33.020000
526 -10.160000 35.560000
527 -10.160000 -35.560000
528 -10.160000 38.100000
529 -10.160000 -38.100000
530 -10.160000 40.640000
531 -10.160000 -40.640000
532 -10.160000 43.180000
533 -10.160000 -43.180000
534 -10.160000 45.720000
535 -10.160000 -45.720000
536 -10.160000 48.260000
537 -10.160000 -48.260000
538 -10.160000 50.800000
539 -10.160000 -50.800000
540 -10.160000 53.340000
541 -10.160000 -53.340000
542 -10.160000 55.880000
543 -10.160000 -55.880000
544 -10.160000 58.420000
545 -10.160000 -58.420000
546 -10.160000 60.960000
547 -10.160000 -60.960000
548 -10.160000 63.500000
549 -10.160000 -63.500000
550 -10.160000 66.040000
551 -10.160000 -66.040000
552 -10.160000 68.580000
553 -10.160000 -68.580000
554 -10.160000 71.120000
555 -10.160000 -71.120000
556 -10.160000 73.660000
557 -10.160000 -73.660000
558 -10.160000 76.200000
559 -10.160000 -76.200000
560 -10.160000 78.740000
561 -10.160000 -78.740000
562 -10.160000 81.280000
563 -10.160000 -81.280000
564 -10.160000 83.820000
565 -10.160000 -83.820000
566 -10.160000 86.360000
567 -10.160000 -86.360000
568 -10.160000 88.900000
569 -10.160000 -88.900000
570 12.700000 0.000000
571 12.700000 2.540000
572 12.700000 -2.540000
573 12.700000 5.080000
574 12.700000 -5.080000
575 12.700000 7.620000
576 12.700000 -7.620000
577 12.700000 10.160000
578 12.700000 -10.160000
579 12.700000 12.700000
580 12.700000 -12.700000
581 12.700000 15.240000
582 12.700000 -15.240000
583 12.700000 17.780000
584 12.700000 -17.780000
585 12.700000 20.320000
586 12.700000 -20.320000
587 12.700000 22.860000
588 12.700000 -22.860000
589 12.700000 25.400000
590 12.700000 -25.400000
591 12.700000 27.940000
592 12.700000 -27.940000
593 12.700000 30.480000
594 12.700000 -30.480000
595 12.700000 33.020000
596 12.700000 -33.020000
597 12.700000 35.560000
598 12.700000 -35.560000
599 12.700000 38.100000
600 12.700000 -38.100000
601 12.700000 40.640000
602 12.700000 -40.640000
603 12.700000 43.180000
604 12.700000 -43.180000
605 12.700000 45.720000
606 12.700000 -45.720000
607 12.700000 48.260000
608 12.700000 -48.260000
609 12.700000 50.800000
610 12.700000 -50.800000
611 12.700000 53.340000
612 12.700000 -53.340000
613 12.700000 55.880000
614 12.700000 -55.880000
615 12.700000 58.420000
616 12.700000 -58.420000
617 12.700000 60.960000
618 12.700000 -60.960000
619 12.700000 63.500000
620 12.700000 -63.500000
621 12.700000 66.040000
622 12.700000 -66.040000
623 12.700000 68.580000
624 12.700000 -68.580000
625 12.700000 71.120000
626 12.700000 -71.120000
627 12.700000 73.660000
628 12.700000 -73.660000
629 12.700000 76.200000
630 12.700000 -76.200000
631 12.700000 78.740000
632 12.700000 -78.740000
633 12.700000 81.280000
634 12.700000 -81.280000
635 12.700000 83.820000
636 12.700000 -83.820000
637 12.700000 86.360000
638 12.700000 -86.360000
639 12.700000 88.900000
640 12.700000 -88.900000
641 -12.700000 0.000000
642 -12.700000 2.540000
643 -12.700000 -2.540000
644 -12.700000 5.080000
645 -12.700000 -5.080000
646 -12.700000 7.620000
647 -12.700000 -7.620000
648 -12.700000 10.160000
649 -12.700000 -10.160000
650 -12.700000 12.700000
651 -12.700000 -12.700000
652 -12.700000 15.240000
653 -12.700000 -15.240000
654 -12.700000 17.780000
655 -12.700000 -17.780000
656 -12.700000 20.320000
657 -12.700000 -20.320000
658 -12.700000 22.860000
659 -12.700000 -22.860000
660 -12.700000 25.400000
661 -12.700000 -25.400000
662 -12.700000 27.940000
663 -12.700000 -27.940000
664 -12.700000 30.480000
665 -12.700000 -30.480000
666 -12.700000 33.020000
667 -12.700000 -33.020000
668 -12.700000 35.560000
669 -12.700000 -35.560000
670 -12.700000 38.100000
671 -12.700000 -38.100000
672 -12.700000 40.640000
673 -12.700000 -40.640000
674 -12.700000 43.180000
675 -12.700000 -43.180000
676 -12.700000 45.720000
677 -12.700000 -45.720000
678 -12.700000 48.260000
679 -12.700000 -48.260000
680 -12.700000 50.800000
681 -12.700000 -50.800000
682 -12.700000 53.340000
683 -12.700000 -53.340000
684 -12.700000 55.880000
685 -12.700000 -55.880000
686 -12.700000 58.420000
687 -12.700000 -58.420000
688 -12.700000 60.960000
689 -12.700000 -60.960000
690 -12.700000 63.500000
691 -12.700000 -63.500000
692 -12.700000 66.040000
693 -12.700000 -66.040000
694 -12.700000 68.580000
695 -12.700000 -68.580000
696 -12.700000 71.120000
697 -12.700000 -71.120000
698 -12.700000 73.660000
699 -12.700000 -73.660000
700 -12.700000 76.200000
701 -12.700000 -76.200000
702 -12.700000 78.740000
703 -12.700000 -78.740000
704 -12.700000 81.280000
705 -12.700000 -81.280000
706 -12.700000 83.820000
707 -12.700000 -83.820000
708 -12.700000 86.360000
709 -12.700000 -86.360000
710 -12.700000 88.900000
711 -12.700000 -88.900000
712 15.240000 0.000000
713 15.240000 2.540000
714 15.240000 -2.540000
715 15.240000 5.080000
716 15.240000 -5.080000
717 15.240000 7.620000
718 15.240000 -7.620000
719 15.240000 10.160000
720 15.240000 -10.160000
721 15.240000 12.700000
722 15.240000 -12.700000
723 15.240000 15.240000
724 15.240000 -15.240000
725 15.240000 17.780000
726 15.240000 -17.780000
727 15.240000 20.320000
728 15.240000 -20.320000
729 15.240000 22.860000
730 15.240000 -22.860000
731 15.240000 25.400000
732 15.240000 -25.400000
733 15.240000 27.940000
734 15.240000 -27.940000
735 15.240000 30.480000
736 15.240000 -30.480000
737 15.240000 33.020000
738 15.240000 -33.020000
739 15.240000 35.560000
740 15.240000 -35.560000
741 15.240000 38.100000
742 15.240000 -38.100000
743 15.240000 40.640000
744 15.240000 -40.640000
745 15.240000 43.180000
746 15.240000 -43.180000
747 15.240000 45.720000
748 15.240000 -45.720000
749 15.240000 48.260000
750 15.240000 -48.260000
751 15.240000 50.800000
752 15.240000 -50.800000
753 15.240000 53.340000
754 15.240000 -53.340000
755 15.240000 55.880000
756 15.240000 -55.880000
757 15.240000 58.420000
758 15.240000 -58.420000
759 15.240000 60.960000
760 15.240000 -60.960000
761 15.240000 63.500000
762 15.240000 -63.500000
763 15.240000 66.040000
764 15.240000 -66.040000
765 15.240000 68.580000
766 15.240000 -68.580000
767 15.240000 71.120000
768 15.240000 -71.120000
769 15.240000 73.660000
770 15.240000 -73.660000
771 15.240000 76.200000
772 15.240000 -76.200000
773 15.240000 78.740000
774 15.240000 -78.740000
775 15.240000 81.280000
776 15.240000 -81.280000
777 15.240000 83.820000
778 15.240000 -83.820000
779 15.240000 86.360000
780 15.240000 -86.360000
781 -15.240000 0.000000
782 -15.240000 2.540000
783 -15.240000 -2.540000
784 -15.240000 5.080000
785 -15.240000 -5.080000
786 -15.240000 7.620000
787 -15.240000 -7.620000
788 -15.240000 10.160000
789 -15.240000 -10.160000
790 -15.240000 12.700000
791 -15.240000 -12.700000
792 -15.240000 15.240000
793 -15.240000 -15.240000
794 -15.240000 17.780000
795 -15.240000 -17.780000
796 -15.240000 20.320000
797 -15.240000 -20.320000
798 -15.240000 22.860000
799 -15.240000 -22.860000
800 -15.240000 25.400000
801 -15.240000 -25.400000
802 -15.240000 27.940000
803 -15.240000 -27.940000
804 -15.240000 30.480000
805 -15.240000 -30.480000
806 -15.240000 33.020000
807 -15.240000 -33.020000
808 -15.240000 35.560000
809 -15.240000 -35.560000
810 -15.240000 38.100000
811 -15.240000 -38.100000
812 -15.240000 40.640000
813 -15.240000 -40.640000
814 -15.240000 43.180000
815 -15.240000 -43.180000
816 -15.240000 45.720000
817 -15.240000 -45.720000
818 -15.240000 48.260000
819 -15.240000 -48.260000
820 -15.240000 50.800000
821 -15.240000 -50.800000
822 -15.240000 53.340000
823 -15.240000 -53.340000
824 -15.240000 55.880000
825 -15.240000 -55.880000
826 -15.240000 58.420000
827 -15.240000 -58.420000
828 -15.240000 60.960000
829 -15.240000 -60.960000
830 -15.240000 63.500000
831 -15.240000 -63.500000
832 -15.240000 66.040000
833 -15.240000 -66.040000
834 -15.240000 68.580000
835 -15.240000 -68.580000
836 -15.240000 71.120000
837 -15.240000 -71.120000
838 -15.240000 73.660000
839 -15.240000 -73.660000
840 -15.240000 76.200000
841 -15.240000 -76.200000
842 -15.240000 78.740000
843 -15.240000 -78.740000
844 -15.240000 81.280000
845 -15.240000 -81.280000
846 -15.240000 83.820000
847 -15.240000 -83.820000
848 -15.240000 86.360000
849 -15.240000 -86.360000
850 17.780000 0.000000
851 17.780000 2.540000
852 17.780000 -2.540000
853 17.780000 5.080000
854 17.780000 -5.080000
855 17.780000 7.620000
856 17.780000 -7.620000
857 17.780000 10.160000
858 17.780000 -10.160000
859 17.780000 12.700000
860 17.780000 -12.700000
861 17.780000 15.240000
862 17.780000 -15.240000
863 17.780000 17.780000
864 17.780000 -17.780000
865 17.780000 20.320000
866 17.780000 -20.320000
867 17.780000 22.860000
868 17.780000 -22.860000
869 17.780000 25.400000
870 17.780000 -25.400000
871 17.780000 27.940000
872 17.780000 -27.940000
873 17.780000 30.480000
874 17.780000 -30.480000
875 17.780000 33.020000
876 17.780000 -33.020000
877 17.780000 35.560000
878 17.780000 -35.560000
879 17.780000 38.100000
880 17.780000 -38.100000
881 17.780000 40.640000
882 17.780000 -40.640000
883 17.780000 43.180000
884 17.780000 -43.180000
885 17.780000 45.720000
886 17.780000 -45.720000
887 17.780000 48.260000
888 17.780000 -48.260000
889 17.780000 50.800000
890 17.780000 -50.800000
891 17.780000 53.340000
892 17.780000 -53.340000
893 17.780000 55.880000
894 17.780000 -55.880000
895 17.780000 58.420000
896 17.780000 -58.420000
897 17.780000 60.960000
898 17.780000 -60.960000
899 17.780000 63.500000
900 17.780000 -63.500000
901 17.780000 66.040000
902 17.780000 -66.040000
903 17.780000 68.580000
904 17.780000 -68.580000
905 17.780000 71.120000
906 17.780000 -71.120000
907 17.780000 73.660000
908 17.780000 -73.660000
909 17.780000 76.200000
910 17.780000 -76.200000
911 17.780000 78.740000
912 17.780000 -78.740000
913 17.780000 81.280000
914 17.780000 -81.280000
915 17.780000 83.820000
916 17.780000 -83.820000
917 17.780000 86.360000
918 17.780000 -86.360000
919 -17.780000 0.000000
920 -17.780000 2.540000
921 -17.780000 -2.540000
922 -17.780000 5.080000
923 -17.780000 -5.080000
924 -17.780000 7.620000
925 -17.780000 -7.620000
926 -17.780000 10.160000
927 -17.780000 -10.160000
928 -17.780000 12.700000
929 -17.780000 -12.700000
930 -17.780000 15.240000
931 -17.780000 -15.240000
932 -17.780000 17.780000
933 -17.780000 -17.780000
934 -17.780000 20.320000
935 -17.780000 -20.320000
936 -17.780000 22.860000
937 -17.780000 -22.860000
938 -17.780000 25.400000
939 -17.780000 -25.400000
940 -17.780000 27.940000
941 -17.780000 -27.940000
942 -17.780000 30.480000
943 -17.780000 -30.480000
944 -17.780000 33.020000
945 -17.780000 -33.020000
946 -17.780000 35.560000
947 -17.780000 -35.560000
948 -17.780000 38.100000
949 -17.780000 -38.100000
950 -17.780000 40.640000
951 -17.780000 -40.640000
952 -17.780000 43.180000
953 -17.780000 -43.180000
954 -17.780000 45.720000
955 -17.780000 -45.720000
956 -17.780000 48.260000
957 -17.780000 -48.260000
958 -17.780000 50.800000
959 -17.780000 -50.800000
960 -17.780000 53.340000
961 -17.780000 -53.340000
962 -17.780000 55.880000
963 -17.780000 -55.880000
964 -17.780000 58.420000
965 -17.780000 -58.420000
966 -17.780000 60.960000
967 -17.780000 -60.960000
968 -17.780000 63.500000
969 -17.780000 -63.500000
970 -17.780000 66.040000
971 -17.780000 -66.040000
972 -17.780000 68.580000
973 -17.780000 -68.580000
974 -17.780000 71.120000
975 -17.780000 -71.120000
976 -17.780000 73.660000
977 -17.780000 -73.660000
978 -17.780000 76.200000
979 -17.780000 -76.200000
980 -17.780000 78.740000
981 -17.780000 -78.740000
982 -17.780000 81.280000
983 -17.780000 -81.280000
984 -17.780000 83.820000
985 -17.780000 -83.820000
986 -17.780000 86.360000
987 -17.780000 -86.360000
988 20.320000 0.000000
989 20.320000 2.540000
990 20.320000 -2.540000
991 20.320000 5.080000
992 20.320000 -5.080000
993 20.320000 7.620000
994 20.320000 -7.620000
995 20.320000 10.160000
996 20.320000 -10.160000
997 20.320000 12.700000
998 20.320000 -12.700000
999 20.320000 15.240000
1000 20.320000 -15.240000
1001 20.320000 17.780000
1002 20.320000 -17.780000
1003 20.320000 20.320000
1004 20.320000 -20.320000
1005 20.320000 22.860000
1006 20.320000 -22.860000
1007 20.320000 25.400000
1008 20.320000 -25.400000
1009 20.320000 27.940000
1010 20.320000 -27.940000
1011 20.320000 30.480000
1012 20.320000 -30.480000
1013 20.320000 33.020000
1014 20.320000 -33.020000
1015 20.320000 35.560000
1016 20.320000 -35.560000
1017 20.320000 38.100000
1018 20.320000 -38.100000
1019 20.320000 40.640000
1020 20.320000 -40.640000
1021 20.320000 43.180000
1022 20.320000 -43.180000
1023 20.320000 45.720000
1024 20.320000 -45.720000
1025 20.320000 48.260000
1026 20.320000 -48.260000
1027 20.320000 50.800000
1028 20.320000 -50.800000
1029 20.320000 53.340000
1030 20.320000 -53.340000
1031 20.320000 55.880000
1032 20.320000 -55.880000
1033 20.320000 58.420000
1034 20.320000 -58.420000
1035 20.320000 60.960000
1036 20.320000 -60.960000
1037 20.320000 63.500000
1038 20.320000 -63.500000
1039 20.320000 66.040000
1040 20.320000 -66.040000
1041 20.320000 68.580000
1042 20.320000 -68.580000
1043 20.320000 71.120000
1044 20.320000 -71.120000
1045 20.320000 73.660000
1046 20.320000 -73.660000
1047 20.320000 76.200000
1048 20.320000 -76.200000
1049 20.320000 78.740000
1050 20.320000 -78.740000
1051 20.320000 81.280000
1052 20.320000 -81.280000
1053 20.320000 83.820000
1054 20.320000 -83.820000
1055 20.320000 86.360000
1056 20.320000 -86.360000
1057 -20.320000 0.000000
1058 -20.320000 2.540000
1059 -20.320000 -2.540000
1060 -20.320000 5.080000
1061 -20.320000 -5.080000
1062 -20.320000 7.620000
1063 -20.320000 -7.620000
1064 -20.320000 10.160000
1065 -20.320000 -10.160000
1066 -20.320000 12.700000
1067 -20.320000 -12.700000
1068 -20.320000 15.240000
1069 -20.320000 -15.240000
1070 -20.320000 17.780000
1071 -20.320000 -17.780000
1072 -20.320000 20.320000
1073 -20.320000 -20.320000
1074 -20.320000 22.860000
1075 -20.320000 -22.860000
1076 -20.320000 25.400000
1077 -20.320000 -25.400000
1078 -20.320000 27.940000
1079 -20.320000 -27.940000
1080 -20.320000 30.480000
1081 -20.320000 -30.480000
1082 -20.320000 33.020000
1083 -20.320000 -33.020000
1084 -20.320000 35.560000
1085 -20.320000 -35.560000
1086 -20.320000 38.100000
1087 -20.320000 -38.100000
1088 -20.320000 40.640000
1089 -20.320000 -40.640000
1090 -20.320000 43.180000
1091 -20.320000 -43.180000
1092 -20.320000 45.720000
1093 -20.320000 -45.720000
1094 -20.320000 48.260000
1095 -20.320000 -48.260000
1096 -20.320000 50.800000
1097 -20.320000 -50.800000
1098 -20.320000 53.340000
1099 -20.320000 -53.340000
1100 -20.320000 55.880000
1101 -20.320000 -55.880000
1102 -20.320000 58.420000
1103 -20.320000 -58.420000
1104 -20.320000 60.960000
1105 -20.320000 -60.960000
1106 -20.320000 63.500000
1107 -20.320000 -63.500000
1108 -20.320000 66.040000
1109 -20.320000 -66.040000
1110 -20.320000 68.580000
1111 -20.320000 -68.580000
1112 -20.320000 71.120000
1113 -20.320000 -71.120000
1114 -20.320000 73.660000
1115 -20.320000 -73.660000
1116 -20.320000 76.200000
1117 -20.320000 -76.200000
1118 -20.320000 78.740000
1119 -20.320000 -78.740000
1120 -20.320000 81.280000
1121 -20.320000 -81.280000
1122 -20.320000 83.820000
1123 -20.320000 -83.820000
1124 -20.320000 86.360000
1125 -20.320000 -86.360000
1126 22.860000 0.000000
1127 22.860000 2.540000
1128 22.860000 -2.540000
1129 22.860000 5.080000
1130 22.860000 -5.080000
1131 22.860000 7.620000
1132 22.860000 -7.620000
1133 22.860000 10.160000
1134 22.860000 -10.160000
1135 22.860000 12.700000
1136 22.860000 -12.700000
1137 22.860000 15.240000
1138 22.860000 -15.240000
1139 22.860000 17.780000
1140 22.860000 -17.780000
1141 22.860000 20.320000
1142 22.860000 -20.320000
1143 22.860000 22.860000
1144 22.860000 -22.860000
1145 22.860000 25.400000
1146 22.860000 -25.400000
1147 22.860000 27.940000
1148 22.860000 -27.940000
1149 22.860000 30.480000
1150 22.860000 -30.480000
1151 22.860000 33.020000
1152 22.860000 -33.020000
1153 22.860000 35.560000
1154 22.860000 -35.560000
1155 22.860000 38.100000
1156 22.860000 -38.100000
1157 22.860000 40.640000
1158 22.860000 -40.640000
1159 22.860000 43.180000
1160 22.860000 -43.180000
1161 22.860000 45.720000
1162 22.860000 -45.720000
1163 22.860000 48.260000
1164 22.860000 -48.260000
1165 22.860000 50.800000
1166 22.860000 -50.800000
1167 22.860000 53.340000
1168 22.860000 -53.340000
1169 22.860000 55.880000
1170 22.860000 -55.880000
1171 22.860000 58.420000
1172 22.860000 -58.420000
1173 22.860000 60.960000
1174 22.860000 -60.960000
1175 22.860000 63.500000
1176 22.860000 -63.500000
1177 22.860000 66.040000
1178 22.860000 -66.040000
1179 22.860000 68.580000
1180 22.860000 -68.580000
1181 22.860000 71.120000
1182 22.860000 -71.120000
1183 22.860000 73.660000
1184 22.860000 -73.660000
1185 22.860000 76.200000
1186 22.860000 -76.200000
1187 22.860000 78.740000
1188 22.860000 -78.740000
1189 22.860000 81.280000
1190 22.860000 -81.280000
1191 22.860000 83.820000
1192 22.860000 -83.820000
1193 22.860000 86.360000
1194 22.860000 -86.360000
1195 -22.860000 0.000000
1196 -22.860000 2.540000
1197 -22.860000 -2.540000
1198 -22.860000 5.080000
1199 -22.860000 -5.080000
1200 -22.860000 7.620000
1201 -22.860000 -7.620000
1202 -22.860000 10.160000
1203 -22.860000 -10.160000
1204 -22.860000 12.700000
1205 -22.860000 -12.700000
1206 -22.860000 15.240000
1207 -22.860000 -15.240000
1208 -22.860000 17.780000
1209 -22.860000 -17.780000
1210 -22.860000 20.320000
1211 -22.860000 -20.320000
1212 -22.860000 22.860000
1213 -22.860000 -22.860000
1214 -22.860000 25.400000
1215 -22.860000 -25.400000
1216 -22.860000 27.940000
1217 -22.860000 -27.940000
1218 -22.860000 30.480000
1219 -22.860000 -30.480000
1220 -22.860000 33.020000
1221 -22.860000 -33.020000
1222 -22.860000 35.560000
1223 -22.860000 -35.560000
1224 -22.860000 38.100000
1225 -22.860000 -38.100000
1226 -22.860000 40.640000
1227 -22.860000 -40.640000
1228 -22.860000 43.180000
1229 -22.860000 -43.180000
1230 -22.860000 45.720000
1231 -22.860000 -45.720000
1232 -22.860000 48.260000
1233 -22.860000 -48.260000
1234 -22.860000 50.800000
1235 -22.860000 -50.800000
1236 -22.860000 53.340000
1237 -22.860000 -53.340000
1238 -22.860000 55.880000
1239 -22.860000 -55.880000
1240 -22.860000 58.420000
1241 -22.860000 -58.420000
1242 -22.860000 60.960000
1243 -22.860000 -60.960000
1244 -22.860000 63.500000
1245 -22.860000 -63.500000
1246 -22.860000 66.040000
1247 -22.860000 -66.040000
1248 -22.860000 68.580000
1249 -22.860000 -68.580000
1250 -22.860000 71.120000
1251 -22.860000 -71.120000
1252 -22.860000 73.660000
1253 -22.860000 -73.660000
1254 -22.860000 76.200000
1255 -22.860000 -76.200000
1256 -22.860000 78.740000
1257 -22.860000 -78.740000
1258 -22.860000 81.280000
1259 -22.860000 -81.280000
1260 -22.860000 83.820000
1261 -22.860000 -83.820000
1262 -22.860000 86.360000
1263 -22.860000 -86.360000
1264 25.400000 0.000000
1265 25.400000 2.540000
1266 25.400000 -2.540000
1267 25.400000 5.080000
1268 25.400000 -5.080000
1269 25.400000 7.620000
1270 25.400000 -7.620000
1271 25.400000 10.160000
1272 25.400000 -10.160000
1273 25.400000 12.700000
1274 25.400000 -12.700000
1275 25.400000 15.240000
1276 25.400000 -15.240000
1277 25.400000 17.780000
1278 25.400000 -17.780000
1279 25.400000 20.320000
1280 25.400000 -20.320000
1281 25.400000 22.860000
1282 25.400000 -22.860000
1283 25.400000 25.400000
1284 25.400000 -25.400000
1285 25.400000 27.940000
1286 25.400000 -27.940000
1287 25.400000 30.480000
1288 25.400000 -30.480000
1289 25.400000 33.020000
1290 25.400000 -33.020000
1291 25.400000 35.560000
1292 25.400000 -35.560000
1293 25.400000 38.100000
1294 25.400000 -38.100000
1295 25.400000 40.640000
1296 25.400000 -40.640000
1297 25.400000 43.180000
1298 25.400000 -43.180000
1299 25.400000 45.720000
1300 25.400000 -45.720000
1301 25.400000 48.260000
1302 25.400000 -48.260000
1303 25.400000 50.800000
1304 25.400000 -50.800000
1305 25.400000 53.340000
1306 25.400000 -53.340000
1307 25.400000 55.880000
1308 25.400000 -55.880000
1309 25.400000 58.420000
1310 25.400000 -58.420000
1311 25.400000 60.960000
1312 25.400000 -60.960000
1313 25.400000 63.500000
1314 25.400000 -63.500000
1315 25.400000 66.040000
1316 25.400000 -66.040000
1317 25.400000 68.580000
1318 25.400000 -68.580000
1319 25.400000 71.120000
1320 25.400000 -71.120000
1321 25.400000 73.660000
1322 25.400000 -73.660000
1323 25.400000 76.200000
1324 25.400000 -76.200000
1325 25.400000 78.740000
1326 25.400000 -78.740000
1327 25.400000 81.280000
1328 25.400000 -81.280000
1329 25.400000 83.820000
1330 25.400000 -83.820000
1331 -25.400000 0.000000
1332 -25.400000 2.540000
1333 -25.400000 -2.540000
1334 -25.400000 5.080000
1335 -25.400000 -5.080000
1336 -25.400000 7.620000
1337 -25.400000 -7.620000
1338 -25.400000 10.160000
1339 -25.400000 -10.160000
1340 -25.400000 12.700000
1341 -25.400000 -12.700000
1342 -25.400000 15.240000
1343 -25.400000 -15.240000
1344 -25.400000 17.780000
1345 -25.400000 -17.780000
1346 -25.400000 20.320000
1347 -25.400000 -20.320000
1348 -25.400000 22.860000
1349 -25.400000 -22.860000
1350 -25.400000 25.400000
1351 -25.400000 -25.400000
1352 -25.400000 27.940000
1353 -25.400000 -27.940000
1354 -25.400000 30.480000
1355 -25.400000 -30.480000
1356 -25.400000 33.020000
1357 -25.400000 -33.020000
1358 -25.400000 35.560000
1359 -25.400000 -35.560000
1360 -25.400000 38.100000
1361 -25.400000 -38.100000
1362 -25.400000 40.640000
1363 -25.400000 -40.640000
1364 -25.400000 43.180000
1365 -25.400000 -43.180000
1366 -25.400000 45.720000
1367 -25.400000 -45.720000
1368 -25.400000 48.260000
1369 -25.400000 -48.260000
1370 -25.400000 50.800000
1371 -25.400000 -50.800000
1372 -25.400000 53.340000
1373 -25.400000 -53.340000
1374 -25.400000 55.880000
1375 -25.400000 -55.880000
1376 -25.400000 58.420000
1377 -25.400000 -58.420000
1378 -25.400000 60.960000
1379 -25.400000 -60.960000
1380 -25.400000 63.500000
1381 -25.400000 -63.500000
1382 -25.400000 66.040000
1383 -25.400000 -66.040000
1384 -25.400000 68.580000
1385 -25.400000 -68.580000
1386 -25.400000 71.120000
1387 -25.400000 -71.120000
1388 -25.400000 73.660000
1389 -25.400000 -73.660000
1390 -25.400000 76.200000
1391 -25.400000 -76.200000
1392 -25.400000 78.740000
1393 -25.400000 -78.740000
1394 -25.400000 81.280000
1395 -25.400000 -81.280000
1396 -25.400000 83.820000
1397 -25.400000 -83.820000
1398 27.940000 0.000000
1399 27.940000 2.540000
1400 27.940000 -2.540000
1401 27.940000 5.080000
1402 27.940000 -5.080000
1403 27.940000 7.620000
1404 27.940000 -7.620000
1405 27.940000 10.160000
1406 27.940000 -10.160000
1407 27.940000 12.700000
1408 27.940000 -12.700000
1409 27.940000 15.240000
1410 27.940000 -15.240000
1411 27.940000 17.780000
1412 27.940000 -17.780000
1413 27.940000 20.320000
1414 27.940000 -20.320000
1415 27.940000 22.860000
1416 27.940000 -22.860000
1417 27.940000 25.400000
1418 27.940000 -25.400000
1419 27.940000 27.940000
1420 27.940000 -27.940000
1421 27.940000 30.480000
1422 27.940000 -30.480000
1423 27.940000 33.020000
1424 27.940000 -33.020000
1425 27.940000 35.560000
1426 27.940000 -35.560000
1427 27.940000 38.100000
1428 27.940000 -38.100000
1429 27.940000 40.640000
1430 27.940000 -40.640000
1431 27.940000 43.180000
1432 27.940000 -43.180000
1433 27.940000 45.720000
1434 27.940000 -45.720000
1435 27.940000 48.260000
1436 27.940000 -48.260000
1437 27.940000 50.800000
1438 27.940000 -50.800000
1439 27.940000 53.340000
1440 27.940000 -53.340000
1441 27.940000 55.880000
1442 27.940000 -55.880000
1443 27.940000 58.420000
1444 27.940000 -58.420000
1445 27.940000 60.960000
1446 27.940000 -60.960000
1447 27.940000 63.500000
1448 27.940000 -63.500000
1449 27.940000 66.040000
1450 27.940000 -66.040000
1451 27.940000 68.580000
1452 27.940000 -68.580000
1453 27.940000 71.120000
1454 27.940000 -71.120000
1455 27.940000 73.660000
1456 27.940000 -73.660000
1457 27.940000 76.200000
1458 27.940000 -76.200000
1459 27.940000 78.740000
1460 27.940000 -78.740000
1461 27.940000 81.280000
1462 27.940000 -81.280000
1463 27.940000 83.820000
1464 27.940000 -83.820000
1465 -27.940000 0.000000
1466 -27.940000 2.540000
1467 -27.940000 -2.540000
1468 -27.940000 5.080000
1469 -27.940000 -5.080000
1470 -27.940000 7.620000
1471 -27.940000 -7.620000
1472 -27.940000 10.160000
1473 -27.940000 -10.160000
1474 -27.940000 12.700000
1475 -27.940000 -12.700000
1476 -27.940000 15.240000
1477 -27.940000 -15.240000
1478 -27.940000 17.780000
1479 -27.940000 -17.780000
1480 -27.940000 20.320000
1481 -27.940000 -20.320000
1482 -27.940000 22.860000
1483 -27.940000 -22.860000
1484 -27.940000 25.400000
1485 -27.940000 -25.400000
1486 -27.940000 27.940000
1487 -27.940000 -27.940000
1488 -27.940000 30.480000
1489 -27.940000 -30.480000
1490 -27.940000 33.020000
1491 -27.940000 -33.020000
1492 -27.940000 35.560000
1493 -27.940000 -35.560000
1494 -27.940000 38.100000
1495 -27.940000 -38.100000
1496 -27.940000 40.640000
1497 -27.940000 -40.640000
1498 -27.940000 43.180000
1499 -27.940000 -43.180000
1500 -27.940000 45.720000
1501 -27.940000 -45.720000
1502 -27.940000 48.260000
1503 -27.940000 -48.260000
1504 -27.940000 50.800000
1505 -27.940000 -50.800000
1506 -27.940000 53.340000
1507 -27.940000 -53.340000
1508 -27.940000 55.880000
1509 -27.940000 -55.880000
1510 -27.940000 58.420000
1511 -27.940000 -58.420000
1512 -27.940000 60.960000
1513 -27.940000 -60.960000
1514 -27.940000 63.500000
1515 -27.940000 -63.500000
1516 -27.940000 66.040000
1517 -27.940000 -66.040000
1518 -27.940000 68.580000
1519 -27.940000 -68.580000
1520 -27.940000 71.120000
1521 -27.940000 -71.120000
1522 -27.940000 73.660000
1523 -27.940000 -73.660000
1524 -27.940000 76.200000
1525 -27.940000 -76.200000
1526 -27.940000 78.740000
1527 -27.940000 -78.740000
1528 -27.940000 81.280000
1529 -27.940000 -81.280000
1530 -27.940000 83.820000
1531 -27.940000 -83.820000
1532 30.480000 0.000000
1533 30.480000 2.540000
1534 30.480000 -2.540000
1535 30.480000 5.080000
1536 30.480000 -5.080000
1537 30.480000 7.620000
1538 30.480000 -7.620000
1539 30.480000 10.160000
1540 30.480000 -10.160000
1541 30.480000 12.700000
1542 30.480000 -12.700000
1543 30.480000 15.240000
1544 30.480000 -15.240000
1545 30.480000 17.780000
1546 30.480000 -17.780000
1547 30.480000 20.320000
1548 30.480000 -20.320000
1549 30.480000 22.860000
1550 30.480000 -22.860000
1551 30.480000 25.400000
1552 30.480000 -25.400000
1553 30.480000 27.940000
1554 30.480000 -27.940000
1555 30.480000 30.480000
1556 30.480000 -30.480000
1557 30.480000 33.020000
1558 30.480000 -33.020000
1559 30.480000 35.560000
1560 30.480000 -35.560000
1561 30.480000 38.100000
1562 30.480000 -38.100000
1563 30.480000 40.640000
1564 30.480000 -40.640000
1565 30.480000 43.180000
1566 30.480000 -43.180000
1567 30.480000 45.720000
1568 30.480000 -45.720000
1569 30.480000 48.260000
1570 30.480000 -48.260000
1571 30.480000 50.800000
1572 30.480000 -50.800000
1573 30.480000 53.340000
1574 30.480000 -53.340000
1575 30.480000 55.880000
1576 30.480000 -55.880000
1577 30.480000 58.420000
1578 30.480000 -58.420000
1579 30.480000 60.960000
1580 30.480000 -60.960000
1581 30.480000 63.500000
1582 30.480000 -63.500000
1583 30.480000 66.040000
1584 30.480000 -66.040000
1585 30.480000 68.580000
1586 30.480000 -68.580000
1587 30.480000 71.120000
1588 30.480000 -71.120000
1589 30.480000 73.660000
1590 30.480000 -73.660000
1591 30.480000 76.200000
1592 30.480000 -76.200000
1593 30.480000 78.740000
1594 30.480000 -78.740000
1595 30.480000 81.280000
1596 30.480000 -81.280000
1597 30.480000 83.820000
1598 30.480000 -83.820000
1599 -30.480000 0.000000
1600 -30.480000 2.540000
1601 -30.480000 -2.540000
1602 -30.480000 5.080000
1603 -30.480000 -5.080000
1604 -30.480000 7.620000
1605 -30.480000 -7.620000
1606 -30.480000 10.160000
1607 -30.480000 -10.160000
1608 -30.480000 12.700000
1609 -30.480000 -12.700000
1610 -30.480000 15.240000
1611 -30.480000 -15.240000
1612 -30.480000 17.780000
1613 -30.480000 -17.780000
1614 -30.480000 20.320000
1615 -30.480000 -20.320000
1616 -30.480000 22.860000
1617 -30.480000 -22.860000
1618 -30.480000 25.400000
1619 -30.480000 -25.400000
1620 -30.480000 27.940000
1621 -30.480000 -27.940000
1622 -30.480000 30.480000
1623 -30.480000 -30.480000
1624 -30.480000 33.020000
1625 -30.480000 -33.020000
1626 -30.480000 35.560000
1627 -30.480000 -35.560000
1628 -30.480000 38.100000
1629 -30.480000 -38.100000
1630 -30.480000 40.640000
1631 -30.480000 -40.640000
1632 -30.480000 43.180000
1633 -30.480000 -43.180000
1634 -30.480000 45.720000
1635 -30.480000 -45.720000
1636 -30.480000 48.260000
1637 -30.480000 -48.260000
1638 -30.480000 50.800000
1639 -30.480000 -50.800000
1640 -30.480000 53.340000
1641 -30.480000 -53.340000
1642 -30.480000 55.880000
1643 -30.480000 -55.880000
1644 -30.480000 58.420000
1645 -30.480000 -58.420000
1646 -30.480000 60.960000
1647 -30.480000 -60.960000
1648 -30.480000 63.500000
1649 -30.480000 -63.500000
1650 -30.480000 66.040000
1651 -30.480000 -66.040000
1652 -30.480000 68.580000
1653 -30.480000 -68.580000
1654 -30.480000 71.120000
1655 -30.480000 -71.120000
1656 -30.480000 73.660000
1657 -30.480000 -73.660000
1658 -30.480000 76.200000
1659 -30.480000 -76.200000
1660 -30.480000 78.740000
1661 -30.480000 -78.740000
1662 -30.480000 81.280000
1663 -30.480000 -81.280000
1664 -30.480000 83.820000
1665 -30.480000 -83.820000
1666 33.020000 0.000000
1667 33.020000 2.540000
1668 33.020000 -2.540000
1669 33.020000 5.080000
1670 33.020000 -5.080000
1671 33.020000 7.620000
1672 33.020000 -7.620000
1673 33.020000 10.160000
1674 33.020000 -10.160000
1675 33.020000 12.700000
1676 33.020000 -12.700000
1677 33.020000 15.240000
1678 33.020000 -15.240000
1679 33.020000 17.780000
1680 33.020000 -17.780000
1681 33.020000 20.320000
1682 33.020000 -20.320000
1683 33.020000 22.860000
1684 33.020000 -22.860000
1685 33.020000 25.400000
1686 33.020000 -25.400000
1687 33.020000 27.940000
1688 33.020000 -27.940000
1689 33.020000 30.480000
1690 33.020000 -30.480000
1691 33.020000 33.020000
1692 33.020000 -33.020000
1693 33.020000 35.560000
1694 33.020000 -35.560000
1695 33.020000 38.100000
1696 33.020000 -38.100000
1697 33.020000 40.640000
1698 33.020000 -40.640000
1699 33.020000 43.180000
1700 33.020000 -43.180000
1701 33.020000 45.720000
1702 33.020000 -45.720000
1703 33.020000 48.260000
1704 33.020000 -48.260000
1705 33.020000 50.800000
1706 33.020000 -50.800000
1707 33.020000 53.340000
1708 33.020000 -53.340000
1709 33.020000 55.880000
1710 33.020000 -55.880000
1711 33.020000 58.420000
1712 33.020000 -58.420000
1713 33.020000 60.960000
1714 33.020000 -60.960000
1715 33.020000 63.500000
1716 33.020000 -63.500000
1717 33.020000 66.040000
1718 33.020000 -66.040000
1719 33.020000 68.580000
1720 33.020000 -68.580000
1721 33.020000 71.120000
1722 33.020000 -71.120000
1723 33.020000 73.660000
1724 33.020000 -73.660000
1725 33.020000 76.200000
1726 33.020000 -76.200000
1727 33.020000 78.740000
1728 33.020000 -78.740000
1729 33.020000 81.280000
1730 33.020000 -81.280000
1731 -33.020000 0.000000
1732 -33.020000 2.540000
1733 -33.020000 -2.540000
1734 -33.020000 5.080000
1735 -33.020000 -5.080000
1736 -33.020000 7.620000
1737 -33.020000 -7.620000
1738 -33.020000 10.160000
1739 -33.020000 -10.160000
1740 -33.020000 12.700000
1741 -33.020000 -12.700000
1742 -33.020000 15.240000
1743 -33.020000 -15.240000
1744 -33.020000 17.780000
1745 -33.020000 -17.780000
1746 -33.020000 20.320000
1747 -33.020000 -20.320000
1748 -33.020000 22.860000
1749 -33.020000 -22.860000
1750 -33.020000 25.400000
1751 -33.020000 -25.400000
1752 -33.020000 27.940000
1753 -33.020000 -27.940000
1754 -33.020000 30.480000
1755 -33.020000 -30.480000
1756 -33.020000 33.020000
1757 -33.020000 -33.020000
1758 -33.020000 35.560000
1759 -33.020000 -35.560000
1760 -33.020000 38.100000
1761 -33.020000 -38.100000
1762 -33.020000 40.640000
1763 -33.020000 -40.640000
1764 -33.020000 43.180000
1765 -33.020000 -43.180000
1766 -33.020000 45.720000
1767 -33.020000 -45.720000
1768 -33.020000 48.260000
1769 -33.020000 -48.260000
1770 -33.020000 50.800000
1771 -33.020000 -50.800000
1772 -33.020000 53.340000
1773 -33.020000 -53.340000
1774 -33.020000 55.880000
1775 -33.020000 -55.880000
1776 -33.020000 58.420000
1777 -33.020000 -58.420000
1778 -33.020000 60.960000
1779 -33.020000 -60.960000
1780 -33.020000 63.500000
1781 -33.020000 -63.500000
1782 -33.020000 66.040000
1783 -33.020000 -66.040000
1784 -33.020000 68.580000
1785 -33.020000 -68.580000
1786 -33.020000 71.120000
1787 -33.020000 -71.120000
1788 -33.020000 73.660000
1789 -33.020000 -73.660000
1790 -33.020000 76.200000
1791 -33.020000 -76.200000
1792 -33.020000 78.740000
1793 -33.020000 -78.740000
1794 -33.020000 81.280000
1795 -33.020000 -81.280000
1796 35.560000 0.000000
1797 35.560000 2.540000
1798 35.560000 -2.540000
1799 35.560000 5.080000
1800 35.560000 -5.080000
1801 35.560000 7.620000
1802 35.560000 -7.620000
1803 35.560000 10.160000
1804 35.560000 -10.160000
1805 35.560000 12.700000
1806 35.560000 -12.700000
1807 35.560000 15.240000
1808 35.560000 -15.240000
1809 35.560000 17.780000
1810 35.560000 -17.780000
1811 35.560000 20.320000
1812 35.560000 -20.320000
1813 35.560000 22.860000
1814 35.560000 -22.860000
1815 35.560000 25.400000
1816 35.560000 -25.400000
1817 35.560000 27.940000
1818 35.560000 -27.940000
1819 35.560000 30.480000
1820 35.560000 -30.480000
1821 35.560000 33.020000
1822 35.560000 -33.020000
1823 35.560000 35.560000
1824 35.560000 -35.560000
1825 35.560000 38.100000
1826 35.560000 -38.100000
1827 35.560000 40.640000
1828 35.560000 -40.640000
1829 35.560000 43.180000
1830 35.560000 -43.180000
1831 35.560000 45.720000
1832 35.560000 -45.720000
1833 35.560000 48.260000
1834 35.560000 -48.260000
1835 35.560000 50.800000
1836 35.560000 -50.800000
1837 35.560000 53.340000
1838 35.560000 -53.340000
1839 35.560000 55.880000
1840 35.560000 -55.880000
1841 35.560000 58.420000
1842 35.560000 -58.420000
1843 35.560000 60.960000
1844 35.560000 -60.960000
1845 35.560000 63.500000
1846 35.560000 -63.500000
1847 35.560000 66.040000
1848 35.560000 -66.040000
1849 35.560000 68.580000
1850 35.560000 -68.580000
1851 35.560000 71.120000
1852 35.560000 -71.120000
1853 35.560000 73.660000
1854 35.560000 -73.660000
1855 35.560000 76.200000
1856 35.560000 -76.200000
1857 35.560000 78.740000
1858 35.560000 -78.740000
1859 35.560000 81.280000
1860 35.560000 -81.280000
1861 -35.560000 0.000000
1862 -35.560000 2.540000
1863 -35.560000 -2.540000
1864 -35.560000 5.080000
1865 -35.560000 -5.080000
1866 -35.560000 7.620000
1867 -35.560000 -7.620000
1868 -35.560000 10.160000
1869 -35.560000 -10.160000
1870 -35.560000 12.700000
1871 -35.560000 -12.700000
1872 -35.560000 15.240000
1873 -35.560000 -15.240000
1874 -35.560000 17.780000
1875 -35.560000 -17.780000
1876 -35.560000 20.320000
1877 -35.560000 -20.320000
1878 -35.560000 22.860000
1879 -35.560000 -22.860000
1880 -35.560000 25.400000
1881 -35.560000 -25.400000
1882 -35.560000 27.940000
1883 -35.560000 -27.940000
1884 -35.560000 30.480000
1885 -35.560000 -30.480000
1886 -35.560000 33.020000
1887 -35.560000 -33.020000
1888 -35.560000 35.560000
1889 -35.560000 -35.560000
1890 -35.560000 38.100000
1891 -35.560000 -38.100000
1892 -35.560000 40.640000
1893 -35.560000 -40.640000
1894 -35.560000 43.180000
1895 -35.560000 -43.180000
1896 -35.560000 45.720000
1897 -35.560000 -45.720000
1898 -35.560000 48.260000
1899 -35.560000 -48.260000
1900 -35.560000 50.800000
1901 -35.560000 -50.800000
1902 -35.560000 53.340000
1903 -35.560000 -53.340000
1904 -35.560000 55.880000
1905 -35.560000 -55.880000
1906 -35.560000 58.420000
1907 -35.560000 -58.420000
1908 -35.560000 60.960000
1909 -35.560000 -60.960000
1910 -35.560000 63.500000
1911 -35.560000 -63.500000
1912 -35.560000 66.040000
1913 -35.560000 -66.040000
1914 -35.560000 68.580000
1915 -35.560000 -68.580000
1916 -35.560000 71.120000
1917 -35.560000 -71.120000
1918 -35.560000 73.660000
1919 -35.560000 -73.660000
1920 -35.560000 76.200000
1921 -35.560000 -76.200000
1922 -35.560000 78.740000
1923 -35.560000 -78.740000
1924 -35.560000 81.280000
1925 -35.560000 -81.280000
1926 38.100000 0.000000
1927 38.100000 2.540000
1928 38.100000 -2.540000
1929 38.100000 5.080000
1930 38.100000 -5.080000
1931 38.100000 7.620000
1932 38.100000 -7.620000
1933 38.100000 10.160000
1934 38.100000 -10.160000
1935 38.100000 12.700000
1936 38.100000 -12.700000
1937 38.100000 15.240000
1938 38.100000 -15.240000
1939 38.100000 17.780000
1940 38.100000 -17.780000
1941 38.100000 20.320000
1942 38.100000 -20.320000
1943 38.100000 22.860000
1944 38.100000 -22.860000
1945 38.100000 25.400000
1946 38.100000 -25.400000
1947 38.100000 27.940000
1948 38.100000 -27.940000
1949 38.100000 30.480000
1950 38.100000 -30.480000
1951 38.100000 33.020000
1952 38.100000 -33.020000
1953 38.100000 35.560000
1954 38.100000 -35.560000
1955 38.100000 38.100000
1956 38.100000 -38.100000
1957 38.100000 40.640000
1958 38.100000 -40.640000
1959 38.100000 43.180000
1960 38.100000 -43.180000
1961 38.100000 45.720000
1962 38.100000 -45.720000
1963 38.100000 48.260000
1964 38.100000 -48.260000
1965 38.100000 50.800000
1966 38.100000 -50.800000
1967 38.100000 53.340000
1968 38.100000 -53.340000
1969 38.100000 55.880000
1970 38.100000 -55.880000
1971 38.100000 58.420000
1972 38.100000 -58.420000
1973 38.100000 60.960000
1974 38.100000 -60.960000
1975 38.100000 63.500000
1976 38.100000 -63.500000
1977 38.100000 66.040000
1978 38.100000 -66.040000
1979 38.100000 68.580000
1980 38.100000 -68.580000
1981 38.100000 71.120000
1982 38.100000 -71.120000
1983 38.100000 73.660000
1984 38.100000 -73.660000
1985 38.100000 76.200000
1986 38.100000 -76.200000
1987 38.100000 78.740000
1988 38.100000 -78.740000
1989 38.100000 81.280000
1990 38.100000 -81.280000
1991 -38.100000 0.000000
1992 -38.100000 2.540000
1993 -38.100000 -2.540000
1994 -38.100000 5.080000
1995 -38.100000 -5.080000
1996 -38.100000 7.620000
1997 -38.100000 -7.620000
1998 -38.100000 10.160000
1999 -38.100000 -10.160000
2000 -38.100000 12.700000
2001 -38.100000 -12.700000
2002 -38.100000 15.240000
2003 -38.100000 -15.240000
2004 -38.100000 17.780000
2005 -38.100000 -17.780000
2006 -38.100000 20.320000
2007 -38.100000 -20.320000
2008 -38.100000 22.860000
2009 -38.100000 -22.860000
2010 -38.100000 25.400000
2011 -38.100000 -25.400000
2012 -38.100000 27.940000
2013 -38.100000 -27.940000
2014 -38.100000 30.480000
2015 -38.100000 -30.480000
2016 -38.100000 33.020000
2017 -38.100000 -33.020000
2018 -38.100000 35.560000
2019 -38.100000 -35.560000
2020 -38.100000 38.100000
2021 -38.100000 -38.100000
2022 -38.100000 40.640000
2023 -38.100000 -40.640000
2024 -38.100000 43.180000
2025 -38.100000 -43.180000
2026 -38.100000 45.720000
2027 -38.100000 -45.720000
2028 -38.100000 48.260000
2029 -38.100000 -48.260000
2030 -38.100000 50.800000
2031 -38.100000 -50.800000
2032 -38.100000 53.340000
2033 -38.100000 -53.340000
2034 -38.100000 55.880000
2035 -38.100000 -55.880000
2036 -38.100000 58.420000
2037 -38.100000 -58.420000
2038 -38.100000 60.960000
2039 -38.100000 -60.960000
2040 -38.100000 63.500000
2041 -38.100000 -63.500000
2042 -38.100000 66.040000
2043 -38.100000 -66.040000
2044 -38.100000 68.580000
2045 -38.100000 -68.580000
2046 -38.100000 71.120000
2047 -38.100000 -71.120000
2048 -38.100000 73.660000
2049 -38.100000 -73.660000
2050 -38.100000 76.200000
2051 -38.100000 -76.200000
2052 -38.100000 78.740000
2053 -38.100000 -78.740000
2054 -38.100000 81.280000
2055 -38.100000 -81.280000
2056 40.640000 0.000000
2057 40.640000 2.540000
2058 40.640000 -2.540000
2059 40.640000 5.080000
2060 40.640000 -5.080000
2061 40.640000 7.620000
2062 40.640000 -7.620000
2063 40.640000 10.160000
2064 40.640000 -10.160000
2065 40.640000 12.700000
2066 40.640000 -12.700000
2067 40.640000 15.240000
2068 40.640000 -15.240000
2069 40.640000 17.780000
2070 40.640000 -17.780000
2071 40.640000 20.320000
2072 40.640000 -20.320000
2073 40.640000 22.860000
2074 40.640000 -22.860000
2075 40.640000 25.400000
2076 40.640000 -25.400000
2077 40.640000 27.940000
2078 40.640000 -27.940000
2079 40.640000 30.480000
2080 40.640000 -30.480000
2081 40.640000 33.020000
2082 40.640000 -33.020000
2083 40.640000 35.560000
2084 40.640000 -35.560000
2085 40.640000 38.100000
2086 40.640000 -38.100000
2087 40.640000 40.640000
2088 40.640000 -40.640000
2089 40.640000 43.180000
2090 40.640000 -43.180000
2091 40.640000 45.720000
2092 40.640000 -45.720000
2093 40.640000 48.260000
2094 40.640000 -48.260000
2095 40.640000 50.800000
2096 40.640000 -50.800000
2097 40.640000 53.340000
2098 40.640000 -53.340000
2099 40.640000 55.880000
2100 40.640000 -55.880000
2101 40.640000 58.420000
2102 40.640000 -58.420000
2103 40.640000 60.960000
2104 40.640000 -60.960000
2105 40.640000 63.500000
2106 40.640000 -63.500000
2107 40.640000 66.040000
2108 40.640000 -66.040000
2109 40.640000 68.580000
2110 40.640000 -68.580000
2111 40.640000 71.120000
2112 40.640000 -71.120000
2113 40.640000 73.660000
2114 40.640000 -73.660000
2115 40.640000 76.200000
2116 40.640000 -76.200000
2117 40.640000 78.740000
2118 40.640000 -78.740000
2119 -40.640000 0.000000
2120 -40.640000 2.540000
2121 -40.640000 -2.540000
2122 -40.640000 5.080000
2123 -40.640000 -5.080000
2124 -40.640000 7.620000
2125 -40.640000 -7.620000
2126 -40.640000 10.160000
2127 -40.640000 -10.160000
2128 -40.640000 12.700000
2129 -40.640000 -12.700000
2130 -40.640000 15.240000
2131 -40.640000 -15.240000
2132 -40.640000 17.780000
2133 -40.640000 -17.780000
2134 -40.640000 20.320000
2135 -40.640000 -20.320000
2136 -40.640000 22.860000
2137 -40.640000 -22.860000
2138 -40.640000 25.400000
2139 -40.640000 -25.400000
2140 -40.640000 27.940000
2141 -40.640000 -27.940000
2142 -40.640000 30.480000
2143 -40.640000 -30.480000
2144 -40.640000 33.020000
2145 -40.640000 -33.020000
2146 -40.640000 35.560000
2147 -40.640000 -35.560000
2148 -40.640000 38.100000
2149 -40.640000 -38.100000
2150 -40.640000 40.640000
2151 -40.640000 -40.640000
2152 -40.640000 43.180000
2153 -40.640000 -43.180000
2154 -40.640000 45.720000
2155 -40.640000 -45.720000
2156 -40.640000 48.260000
2157 -40.640000 -48.260000
2158 -40.640000 50.800000
2159 -40.640000 -50.800000
2160 -40.640000 53.340000
2161 -40.640000 -53.340000
2162 -40.640000 55.880000
2163 -40.640000 -55.880000
2164 -40.640000 58.420000
2165 -40.640000 -58.420000
2166 -40.640000 60.960000
2167 -40.640000 -60.960000
2168 -40.640000 63.500000
2169 -40.640000 -63.500000
2170 -40.640000 66.040000
2171 -40.640000 -66.040000
2172 -40.640000 68.580000
2173 -40.640000 -68.580000
2174 -40.640000 71.120000
2175 -40.640000 -71.120000
2176 -40.640000 73.660000
2177 -40.640000 -73.660000
2178 -40.640000 76.200000
2179 -40.640000 -76.200000
2180 -40.640000 78.740000
2181 -40.640000 -78.740000
2182 43.180000 0.000000
2183 43.180000 2.540000
2184 43.180000 -2.540000
2185 43.180000 5.080000
2186 43.180000 -5.080000
2187 43.180000 7.620000
2188 43.180000 -7.620000
2189 43.180000 10.160000
2190 43.180000 -10.160000
2191 43.180000 12.700000
2192 43.180000 -12.700000
2193 43.180000 15.240000
2194 43.180000 -15.240000
2195 43.180000 17.780000
2196 43.180000 -17.780000
2197 43.180000 20.320000
2198 43.180000 -20.320000
2199 43.180000 22.860000
2200 43.180000 -22.860000
2201 43.180000 25.400000
2202 43.180000 -25.400000
2203 43.180000 27.940000
2204 43.180000 -27.940000
2205 43.180000 30.480000
2206 43.180000 -30.480000
2207 43.180000 33.020000
2208 43.180000 -33.020000
2209 43.180000 35.560000
2210 43.180000 -35.560000
2211 43.180000 38.100000
2212 43.180000 -38.100000
2213 43.180000 40.640000
2214 43.180000 -40.640000
2215 43.180000 43.180000
2216 43.180000 -43.180000
2217 43.180000 45.720000
2218 43.180000 -45.720000
2219 43.180000 48.260000
2220 43.180000 -48.260000
2221 43.180000 50.800000
2222 43.180000 -50.800000
2223 43.180000 53.340000
2224 43.180000 -53.340000
2225 43.180000 55.880000
2226 43.180000 -55.880000
2227 43.180000 58.420000
2228 43.180000 -58.420000
2229 43.180000 60.960000
2230 43.180000 -60.960000
2231 43.180000 63.500000
2232 43.180000 -63.500000
2233 43.180000 66.040000
2234 43.180000 -66.040000
2235 43.180000 68.580000
2236 43.180000 -68.580000
2237 43.180000 71.120000
2238 43.180000 -71.120000
2239 43.180000 73.660000
2240 43.180000 -73.660000
2241 43.180000 76.200000
2242 43.180000 -76.200000
2243 43.180000 78.740000
2244 43.180000 -78.740000
2245 -43.180000 0.000000
2246 -43.180000 2.540000
2247 -43.180000 -2.540000
2248 -43.180000 5.080000
2249 -43.180000 -5.080000
2250 -43.180000 7.620000
2251 -43.180000 -7.620000
2252 -43.180000 10.160000
2253 -43.180000 -10.160000
2254 -43.180000 12.700000
2255 -43.180000 -12.700000
2256 -43.180000 15.240000
2257 -43.180000 -15.240000
2258 -43.180000 17.780000
2259 -43.180000 -17.780000
2260 -43.180000 20.320000
2261 -43.180000 -20.320000
2262 -43.180000 22.860000
2263 -43.180000 -22.860000
2264 -43.180000 25.400000
2265 -43.180000 -25.400000
2266 -43.180000 27.940000
2267 -43.180000 -27.940000
2268 -43.180000 30.480000
2269 -43.180000 -30.480000
2270 -43.180000 33.020000
2271 -43.180000 -33.020000
2272 -43.180000 35.560000
2273 -43.180000 -35.560000
2274 -43.180000 38.100000
2275 -43.180000 -38.100000
2276 -43.180000 40.640000
2277 -43.180000 -40.640000
2278 -43.180000 43.180000
2279 -43.180000 -43.180000
2280 -43.180000 45.720000
2281 -43.180000 -45.720000
2282 -43.180000 48.260000
2283 -43.180000 -48.260000
2284 -43.180000 50.800000
2285 -43.180000 -50.800000
2286 -43.180000 53.340000
2287 -43.180000 -53.340000
2288 -43.180000 55.880000
2289 -43.180000 -55.880000
2290 -43.180000 58.420000
2291 -43.180000 -58.420000
2292 -43.180000 60.960000
2293 -43.180000 -60.960000
2294 -43.180000 63.500000
2295 -43.180000 -63.500000
2296 -43.180000 66.040000
2297 -43.180000 -66.040000
2298 -43.180000 68.580000
2299 -43.180000 -68.580000
2300 -43.180000 71.120000
2301 -43.180000 -71.120000
2302 -43.180000 73.660000
2303 -43.180000 -73.660000
2304 -43.180000 76.200000
2305 -43.180000 -76.200000
2306 -43.180000 78.740000
2307 -43.180000 -78.740000
2308 45.720000 0.000000
2309 45.720000 2.540000
2310 45.720000 -2.540000
2311 45.720000 5.080000
2312 45.720000 -5.080000
2313 45.720000 7.620000
2314 45.720000 -7.620000
2315 45.720000 10.160000
2316 45.720000 -10.160000
2317 45.720000 12.700000
2318 45.720000 -12.700000
2319 45.720000 15.240000
2320 45.720000 -15.240000
2321 45.720000 17.780000
2322 45.720000 -17.780000
2323 45.720000 20.320000
2324 45.720000 -20.320000
2325 45.720000 22.860000
2326 45.720000 -22.860000
2327 45.720000 25.400000
2328 45.720000 -25.400000
2329 45.720000 27.940000
2330 45.720000 -27.940000
2331 45.720000 30.480000
2332 45.720000 -30.480000
2333 45.720000 33.020000
2334 45.720000 -33.020000
2335 45.720000 35.560000
2336 45.720000 -35.560000
2337 45.720000 38.100000
2338 45.720000 -38.100000
2339 45.720000 40.640000
2340 45.720000 -40.640000
2341 45.720000 43.180000
2342 45.720000 -43.180000
2343 45.720000 45.720000
2344 45.720000 -45.720000
2345 45.720000 48.260000
2346 45.720000 -48.260000
2347 45.720000 50.800000
2348 45.720000 -50.800000
2349 45.720000 53.340000
2350 45.720000 -53.340000
2351 45.720000 55.880000
2352 45.720000 -55.880000
2353 45.720000 58.420000
2354 45.720000 -58.420000
2355 45.720000 60.960000
2356 45.720000 -60.960000
2357 45.720000 63.500000
2358 45.720000 -63.500000
2359 45.720000 66.040000
2360 45.720000 -66.040000
2361 45.720000 68.580000
2362 45.720000 -68.580000
2363 45.720000 71.120000
2364 45.720000 -71.120000
2365 45.720000 73.660000
2366 45.720000 -73.660000
2367 45.720000 76.200000
2368 45.720000 -76.200000
2369 -45.720000 0.000000
2370 -45.720000 2.540000
2371 -45.720000 -2.540000
2372 -45.720000 5.080000
2373 -45.720000 -5.080000
2374 -45.720000 7.620000
2375 -45.720000 -7.620000
2376 -45.720000 10.160000
2377 -45.720000 -10.160000
2378 -45.720000 12.700000
2379 -45.720000 -12.700000
2380 -45.720000 15.240000
2381 -45.720000 -15.240000
2382 -45.720000 17.780000
2383 -45.720000 -17.780000
2384 -45.720000 20.320000
2385 -45.720000 -20.320000
2386 -45.720000 22.860000
2387 -45.720000 -22.860000
2388 -45.720000 25.400000
2389 -45.720000 -25.400000
2390 -45.720000 27.940000
2391 -45.720000 -27.940000
2392 -45.720000 30.480000
2393 -45.720000 -30.480000
2394 -45.720000 33.020000
2395 -45.720000 -33.020000
2396 -45.720000 35.560000
2397 -45.720000 -35.560000
2398 -45.720000 38.100000
2399 -45.720000 -38.100000
2400 -45.720000 40.640000
2401 -45.720000 -40.640000
2402 -45.720000 43.180000
2403 -45.720000 -43.180000
2404 -45.720000 45.720000
2405 -45.720000 -45.720000
2406 -45.720000 48.260000
2407 -45.720000 -48.260000
2408 -45.720000 50.800000
2409 -45.720000 -50.800000
2410 -45.720000 53.340000
2411 -45.720000 -53.340000
2412 -45.720000 55.880000
2413 -45.720000 -55.880000
2414 -45.720000 58.420000
2415 -45.720000 -58.420000
2416 -45.720000 60.960000
2417 -45.720000 -60.960000
2418 -45.720000 63.500000
2419 -45.720000 -63.500000
2420 -45.720000 66.040000
2421 -45.720000 -66.040000
2422 -45.720000 68.580000
2423 -45.720000 -68.580000
2424 -45.720000 71.120000
2425 -45.720000 -71.120000
2426 -45.720000 73.660000
2427 -45.720000 -73.660000
2428 -45.720000 76.200000
2429 -45.720000 -76.200000
2430 48.260000 0.000000
2431 48.260000 2.540000
2432 48.260000 -2.540000
2433 48.260000 5.080000
2434 48.260000 -5.080000
2435 48.260000 7.620000
2436 48.260000 -7.620000
2437 48.260000 10.160000
2438 48.260000 -10.160000
2439 48.260000 12.700000
2440 48.260000 -12.700000
2441 48.260000 15.240000
2442 48.260000 -15.240000
2443 48.260000 17.780000
2444 48.260000 -17.780000
2445 48.260000 20.320000
2446 48.260000 -20.320000
2447 48.260000 22.860000
2448 48.260000 -22.860000
2449 48.260000 25.400000
2450 48.260000 -25.400000
2451 48.260000 27.940000
2452 48.260000 -27.940000
2453 48.260000 30.480000
2454 48.260000 -30.480000
2455 48.260000 33.020000
2456 48.260000 -33.020000
2457 48.260000 35.560000
2458 48.260000 -35.560000
2459 48.260000 38.100000
2460 48.260000 -38.100000
2461 48.260000 40.640000
2462 48.260000 -40.640000
2463 48.260000 43.180000
2464 48.260000 -43.180000
2465 48.260000 45.720000
2466 48.260000 -45.720000
2467 48.260000 48.260000
2468 48.260000 -48.260000
2469 48.260000 50.800000
2470 48.260000 -50.800000
2471 48.260000 53.340000
2472 48.260000 -53.340000
2473 48.260000 55.880000
2474 48.260000 -55.880000
2475 48.260000 58.420000
2476 48.260000 -58.420000
2477 48.260000 60.960000
2478 48.260000 -60.960000
2479 48.260000 63.500000
2480 48.260000 -63.500000
2481 48.260000 66.040000
2482 48.260000 -66.040000
2483 48.260000 68.580000
2484 48.260000 -68.580000
2485 48.260000 71.120000
2486 48.260000 -71.120000
2487 48.260000 73.660000
2488 48.260000 -73.660000
2489 -48.260000 0.000000
2490 -48.260000 2.540000
2491 -48.260000 -2.540000
2492 -48.260000 5.080000
2493 -48.260000 -5.080000
2494 -48.260000 7.620000
2495 -48.260000 -7.620000
2496 -48.260000 10.160000
2497 -48.260000 -10.160000
2498 -48.260000 12.700000
2499 -48.260000 -12.700000
2500 -48.260000 15.240000
2501 -48.260000 -15.240000
2502 -48.260000 17.780000
2503 -48.260000 -17.780000
2504 -48.260000 20.320000
2505 -48.260000 -20.320000
2506 -48.260000 22.860000
2507 -48.260000 -22.860000
2508 -48.260000 25.400000
2509 -48.260000 -25.400000
2510 -48.260000 27.940000
2511 -48.260000 -27.940000
2512 -48.260000 30.480000
2513 -48.260000 -30.480000
2514 -48.260000 33.020000
2515 -48.260000 -33.020000
2516 -48.260000 35.560000
2517 -48.260000 -35.560000
2518 -48.260000 38.100000
2519 -48.260000 -38.100000
2520 -48.260000 40.640000
2521 -48.260000 -40.640000
2522 -48.260000 43.180000
2523 -48.260000 -43.180000
2524 -48.260000 45.720000
2525 -48.260000 -45.720000
2526 -48.260000 48.260000
2527 -48.260000 -48.260000
2528 -48.260000 50.800000
2529 -48.260000 -50.800000
2530 -48.260000 53.340000
2531 -48.260000 -53.340000
2532 -48.260000 55.880000
2533 -48.260000 -55.880000
2534 -48.260000 58.420000
2535 -48.260000 -58.420000
2536 -48.260000 60.960000
2537 -48.260000 -60.960000
2538 -48.260000 63.500000
2539 -48.260000 -63.500000
2540 -48.260000 66.040000
2541 -48.260000 -66.040000
2542 -48.260000 68.580000
2543 -48.260000 -68.580000
2544 -48.260000 71.120000
2545 -48.260000 -71.120000
2546 -48.260000 73.660000
2547 -48.260000 -73.660000
2548 50.800000 0.000000
2549 50.800000 2.540000
2550 50.800000 -2.540000
2551 50.800000 5.080000
2552 50.800000 -5.080000
2553 50.800000 7.620000
2554 50.800000 -7.620000
2555 50.800000 10.160000
2556 50.800000 -10.160000
2557 50.800000 12.700000
2558 50.800000 -12.700000
2559 50.800000 15.240000
2560 50.800000 -15.240000
2561 50.800000 17.780000
2562 50.800000 -17.780000
2563 50.800000 20.320000
2564 50.800000 -20.320000
2565 50.800000 22.860000
2566 50.800000 -22.860000
2567 50.800000 25.400000
2568 50.800000 -25.400000
2569 50.800000 27.940000
2570 50.800000 -27.940000
2571 50.800000 30.480000
2572 50.800000 -30.480000
2573 50.800000 33.020000
2574 50.800000 -33.020000
2575 50.800000 35.560000
2576 50.800000 -35.560000
2577 50.800000 38.100000
2578 50.800000 -38.100000
2579 50.800000 40.640000
2580 50.800000 -40.640000
2581 50.800000 43.180000
2582 50.800000 -43.180000
2583 50.800000 45.720000
2584 50.800000 -45.720000
2585 50.800000 48.260000
2586 50.800000 -48.260000
2587 50.800000 50.800000
2588 50.800000 -50.800000
2589 50.800000 53.340000
2590 50.800000 -53.340000
2591 50.800000 55.880000
2592 50.800000 -55.880000
2593 50.800000 58.420000
2594 50.800000 -58.420000
2595 50.800000 60.960000
2596 50.800000 -60.960000
2597 50.800000 63.500000
2598 50.800000 -63.500000
2599 50.800000 66.040000
2600 50.800000 -66.040000
2601 50.800000 68.580000
2602 50.800000 -68.580000
2603 50.800000 71.120000
2604 50.800000 -71.120000
2605 50.800000 73.660000
2606 50.800000 -73.660000
2607 -50.800000 0.000000
2608 -50.800000 2.540000
2609 -50.800000 -2.540000
2610 -50.800000 5.080000
2611 -50.800000 -5.080000
2612 -50.800000 7.620000
2613 -50.800000 -7.620000
2614 -50.800000 10.160000
2615 -50.800000 -10.160000
2616 -50.800000 12.700000
2617 -50.800000 -12.700000
2618 -50.800000 15.240000
2619 -50.800000 -15.240000
2620 -50.800000 17.780000
2621 -50.800000 -17.780000
2622 -50.800000 20.320000
2623 -50.800000 -20.320000
2624 -50.800000 22.860000
2625 -50.800000 -22.860000
2626 -50.800000 25.400000
2627 -50.800000 -25.400000
2628 -50.800000 27.940000
2629 -50.800000 -27.940000
2630 -50.800000 30.480000
2631 -50.800000 -30.480000
2632 -50.800000 33.020000
2633 -50.800000 -33.020000
2634 -50.800000 35.560000
2635 -50.800000 -35.560000
2636 -50.800000 38.100000
2637 -50.800000 -38.100000
2638 -50.800000 40.640000
2639 -50.800000 -40.640000
2640 -50.800000 43.180000
2641 -50.800000 -43.180000
2642 -50.800000 45.720000
2643 -50.800000 -45.720000
2644 -50.800000 48.260000
2645 -50.800000 -48.260000
2646 -50.800000 50.800000
2647 -50.800000 -50.800000
2648 -50.800000 53.340000
2649 -50.800000 -53.340000
2650 -50.800000 55.880000
2651 -50.800000 -55.880000
2652 -50.800000 58.420000
2653 -50.800000 -58.420000
2654 -50.800000 60.960000
2655 -50.800000 -60.960000
2656 -50.800000 63.500000
2657 -50.800000 -63.500000
2658 -50.800000 66.040000
2659 -50.800000 -66.040000
2660 -50.800000 68.580000
2661 -50.800000 -68.580000
2662 -50.800000 71.120000
2663 -50.800000 -71.120000
2664 -50.800000 73.660000
2665 -50.800000 -73.660000
2666 53.340000 0.000000
2667 53.340000 2.540000
2668 53.340000 -2.540000
2669 53.340000 5.080000
2670 53.340000 -5.080000
2671 53.340000 7.620000
2672 53.340000 -7.620000
2673 53.340000 10.160000
2674 53.340000 -10.160000
2675 53.340000 12.700000
2676 53.340000 -12.700000
2677 53.340000 15.240000
2678 53.340000 -15.240000
2679 53.340000 17.780000
2680 53.340000 -17.780000
2681 53.340000 20.320000
2682 53.340000 -20.320000
2683 53.340000 22.860000
2684 53.340000 -22.860000
2685 53.340000 25.400000
2686 53.340000 -25.400000
2687 53.340000 27.940000
2688 53.340000 -27.940000
2689 53.340000 30.480000
2690 53.340000 -30.480000
2691 53.340000 33.020000
2692 53.340000 -33.020000
2693 53.340000 35.560000
2694 53.340000 -35.560000
2695 53.340000 38.100000
2696 53.340000 -38.100000
2697 53.340000 40.640000
2698 53.340000 -40.640000
2699 53.340000 43.180000
2700 53.340000 -43.180000
2701 53.340000 45.720000
2702 53.340000 -45.720000
2703 53.340000 48.260000
2704 53.340000 -48.260000
2705 53.340000 50.800000
2706 53.340000 -50.800000
2707 53.340000 53.340000
2708 53.340000 -53.340000
2709 53.340000 55.880000
2710 53.340000 -55.880000
2711 53.340000 58.420000
2712 53.340000 -58.420000
2713 53.340000 60.960000
2714 53.340000 -60.960000
2715 53.340000 63.500000
2716 53.340000 -63.500000
2717 53.340000 66.040000
2718 53.340000 -66.040000
2719 53.340000 68.580000
2720 53.340000 -68.580000
2721 53.340000 71.120000
2722 53.340000 -71.120000
2723 -53.340000 0.000000
2724 -53.340000 2.540000
2725 -53.340000 -2.540000
2726 -53.340000 5.080000
2727 -53.340000 -5.080000
2728 -53.340000 7.620000
2729 -53.340000 -7.620000
2730 -53.340000 10.160000
2731 -53.340000 -10.160000
2732 -53.340000 12.700000
2733 -53.340000 -12.700000
2734 -53.340000 15.240000
2735 -53.340000 -15.240000
2736 -53.340000 17.780000
2737 -53.340000 -17.780000
2738 -53.340000 20.320000
2739 -53.340000 -20.320000
2740 -53.340000 22.860000
2741 -53.340000 -22.860000
2742 -53.340000 25.400000
2743 -53.340000 -25.400000
2744 -53.340000 27.940000
2745 -53.340000 -27.940000
2746 -53.340000 30.480000
2747 -53.340000 -30.480000
2748 -53.340000 33.020000
2749 -53.340000 -33.020000
2750 -53.340000 35.560000
2751 -53.340000 -35.560000
2752 -53.340000 38.100000
2753 -53.340000 -38.100000
2754 -53.340000 40.640000
2755 -53.340000 -40.640000
2756 -53.340000 43.180000
2757 -53.340000 -43.180000
2758 -53.340000 45.720000
2759 -53.340000 -45.720000
2760 -53.340000 48.260000
2761 -53.340000 -48.260000
2762 -53.340000 50.800000
2763 -53.340000 -50.800000
2764 -53.340000 53.340000
2765 -53.340000 -53.340000
2766 -53.340000 55.880000
2767 -53.340000 -55.880000
2768 -53.340000 58.420000
2769 -53.340000 -58.420000
2770 -53.340000 60.960000
2771 -53.340000 -60.960000
2772 -53.340000 63.500000
2773 -53.340000 -63.500000
2774 -53.340000 66.040000
2775 -53.340000 -66.040000
2776 -53.340000 68.580000
2777 -53.340000 -68.580000
2778 -53.340000 71.120000
2779 -53.340000 -71.120000
2780 55.880000 0.000000
2781 55.880000 2.540000
2782 55.880000 -2.540000
2783 55.880000 5.080000
2784 55.880000 -5.080000
2785 55.880000 7.620000
2786 55.880000 -7.620000
2787 55.880000 10.160000
2788 55.880000 -10.160000
2789 55.880000 12.700000
2790 55.880000 -12.700000
2791 55.880000 15.240000
2792 55.880000 -15.240000
2793 55.880000 17.780000
2794 55.880000 -17.780000
2795 55.880000 20.320000
2796 55.880000 -20.320000
2797 55.880000 22.860000
2798 55.880000 -22.860000
2799 55.880000 25.400000
2800 55.880000 -25.400000
2801 55.880000 27.940000
2802 55.880000 -27.940000
2803 55.880000 30.480000
2804 55.880000 -30.480000
2805 55.880000 33.020000
2806 55.880000 -33.020000
2807 55.880000 35.560000
2808 55.880000 -35.560000
2809 55.880000 38.100000
2810 55.880000 -38.100000
2811 55.880000 40.640000
2812 55.880000 -40.640000
2813 55.880000 43.180000
2814 55.880000 -43.180000
2815 55.880000 45.720000
2816 55.880000 -45.720000
2817 55.880000 48.260000
2818 55.880000 -48.260000
2819 55.880000 50.800000
2820 55.880000 -50.800000
2821 55.880000 53.340000
2822 55.880000 -53.340000
2823 55.880000 55.880000
2824 55.880000 -55.880000
2825 55.880000 58.420000
2826 55.880000 -58.420000
2827 55.880000 60.960000
2828 55.880000 -60.960000
2829 55.880000 63.500000
2830 55.880000 -63.500000
2831 55.880000 66.040000
2832 55.880000 -66.040000
2833 55.880000 68.580000
2834 55.880000 -68.580000
2835 -55.880000 0.000000
2836 -55.880000 2.540000
2837 -55.880000 -2.540000
2838 -55.880000 5.080000
2839 -55.880000 -5.080000
2840 -55.880000 7.620000
2841 -55.880000 -7.620000
2842 -55.880000 10.160000
2843 -55.880000 -10.160000
2844 -55.880000 12.700000
2845 -55.880000 -12.700000
2846 -55.880000 15.240000
2847 -55.880000 -15.240000
2848 -55.880000 17.780000
2849 -55.880000 -17.780000
2850 -55.880000 20.320000
2851 -55.880000 -20.320000
2852 -55.880000 22.860000
2853 -55.880000 -22.860000
2854 -55.880000 25.400000
2855 -55.880000 -25.400000
2856 -55.880000 27.940000
2857 -55.880000 -27.940000
2858 -55.880000 30.480000
2859 -55.880000 -30.480000
2860 -55.880000 33.020000
2861 -55.880000 -33.020000
2862 -55.880000 35.560000
2863 -55.880000 -35.560000
2864 -55.880000 38.100000
2865 -55.880000 -38.100000
2866 -55.880000 40.640000
2867 -55.880000 -40.640000
2868 -55.880000 43.180000
2869 -55.880000 -43.180000
2870 -55.880000 45.720000
2871 -55.880000 -45.720000
2872 -55.880000 48.260000
2873 -55.880000 -48.260000
2874 -55.880000 50.800000
2875 -55.880000 -50.800000
2876 -55.880000 53.340000
2877 -55.880000 -53.340000
2878 -55.880000 55.880000
2879 -55.880000 -55.880000
2880 -55.880000 58.420000
2881 -55.880000 -58.420000
2882 -55.880000 60.960000
2883 -55.880000 -60.960000
2884 -55.880000 63.500000
2885 -55.880000 -63.500000
2886 -55.880000 66.040000
2887 -55.880000 -66.040000
2888 -55.880000 68.580000
2889 -55.880000 -68.580000
2890 58.420000 0.000000
2891 58.420000 2.540000
2892 58.420000 -2.540000
2893 58.420000 5.080000
2894 58.420000 -5.080000
2895 58.420000 7.620000
2896 58.420000 -7.620000
2897 58.420000 10.160000
2898 58.420000 -10.160000
2899 58.420000 12.700000
2900 58.420000 -12.700000
2901 58.420000 15.240000
2902 58.420000 -15.240000
2903 58.420000 17.780000
2904 58.420000 -17.780000
2905 58.420000 20.320000
2906 58.420000 -20.320000
2907 58.420000 22.860000
2908 58.420000 -22.860000
2909 58.420000 25.400000
2910 58.420000 -25.400000
2911 58.420000 27.940000
2912 58.420000 -27.940000
2913 58.420000 30.480000
2914 58.420000 -30.480000
2915 58.420000 33.020000
2916 58.420000 -33.020000
2917 58.420000 35.560000
2918 58.420000 -35.560000
2919 58.420000 38.100000
2920 58.420000 -38.100000
2921 58.420000 40.640000
2922 58.420000 -40.640000
2923 58.420000 43.180000
2924 58.420000 -43.180000
2925 58.420000 45.720000
2926 58.420000 -45.720000
2927 58.420000 48.260000
2928 58.420000 -48.260000
2929 58.420000 50.800000
2930 58.420000 -50.800000
2931 58.420000 53.340000
2932 58.420000 -53.340000
2933 58.420000 55.880000
2934 58.420000 -55.880000
2935 58.420000 58.420000
2936 58.420000 -58.420000
2937 58.420000 60.960000
2938 58.420000 -60.960000
2939 58.420000 63.500000
2940 58.420000 -63.500000
2941 58.420000 66.040000
2942 58.420000 -66.040000
2943 -58.420000 0.000000
2944 -58.420000 2.540000
2945 -58.420000 -2.540000
2946 -58.420000 5.080000
2947 -58.420000 -5.080000
2948 -58.420000 7.620000
2949 -58.420000 -7.620000
2950 -58.420000 10.160000
2951 -58.420000 -10.160000
2952 -58.420000 12.700000
2953 -58.420000 -12.700000
2954 -58.420000 15.240000
2955 -58.420000 -15.240000
2956 -58.420000 17.780000
2957 -58.420000 -17.780000
2958 -58.420000 20.320000
2959 -58.420000 -20.320000
2960 -58.420000 22.860000
2961 -58.420000 -22.860000
2962 -58.420000 25.400000
2963 -58.420000 -25.400000
2964 -58.420000 27.940000
2965 -58.420000 -27.940000
2966 -58.420000 30.480000
2967 -58.420000 -30.480000
2968 -58.420000 33.020000
2969 -58.420000 -33.020000
2970 -58.420000 35.560000
2971 -58.420000 -35.560000
2972 -58.420000 38.100000
2973 -58.420000 -38.100000
2974 -58.420000 40.640000
2975 -58.420000 -40.640000
2976 -58.420000 43.180000
2977 -58.420000 -43.180000
2978 -58.420000 45.720000
2979 -58.420000 -45.720000
2980 -58.420000 48.260000
2981 -58.420000 -48.260000
2982 -58.420000 50.800000
2983 -58.420000 -50.800000
2984 -58.420000 53.340000
2985 -58.420000 -53.340000
2986 -58.420000 55.880000
2987 -58.420000 -55.880000
2988 -58.420000 58.420000
2989 -58.420000 -58.420000
2990 -58.420000 60.960000
2991 -58.420000 -60.960000
2992 -58.420000 63.500000
2993 -58.420000 -63.500000
2994 -58.420000 66.040000
2995 -58.420000 -66.040000
2996 60.960000 0.000000
2997 60.960000 2.540000
2998 60.960000 -2.540000
2999 60.960000 5.080000
3000 60.960000 -5.080000
3001 60.960000 7.620000
3002 60.960000 -7.620000
3003 60.960000 10.160000
3004 60.960000 -10.160000
3005 60.960000 12.700000
3006 60.960000 -12.700000
3007 60.960000 15.240000
3008 60.960000 -15.240000
3009 60.960000 17.780000
3010 60.960000 -17.780000
3011 60.960000 20.320000
3012 60.960000 -20.320000
3013 60.960000 22.860000
3014 60.960000 -22.860000
3015 60.960000 25.400000
3016 60.960000 -25.400000
3017 60.960000 27.940000
3018 60.960000 -27.940000
3019 60.960000 30.480000
3020 60.960000 -30.480000
3021 60.960000 33.020000
3022 60.960000 -33.020000
3023 60.960000 35.560000
3024 60.960000 -35.560000
3025 60.960000 38.100000
3026 60.960000 -38.100000
3027 60.960000 40.640000
3028 60.960000 -40.640000
3029 60.960000 43.180000
3030 60.960000 -43.180000
3031 60.960000 45.720000
3032 60.960000 -45.720000
3033 60.960000 48.260000
3034 60.960000 -48.260000
3035 60.960000 50.800000
3036 60.960000 -50.800000
3037 60.960000 53.340000
3038 60.960000 -53.340000
3039 60.960000 55.880000
3040 60.960000 -55.880000
3041 60.960000 58.420000
3042 60.960000 -58.420000
3043 60.960000 60.960000
3044 60.960000 -60.960000
3045 60.960000 63.500000
3046 60.960000 -63.500000
3047 60.960000 66.040000
3048 60.960000 -66.040000
3049 -60.960000 0.000000
3050 -60.960000 2.540000
3051 -60.960000 -2.540000
3052 -60.960000 5.080000
3053 -60.960000 -5.080000
3054 -60.960000 7.620000
3055 -60.960000 -7.620000
3056 -60.960000 10.160000
3057 -60.960000 -10.160000
3058 -60.960000 12.700000
3059 -60.960000 -12.700000
3060 -60.960000 15.240000
3061 -60.960000 -15.240000
3062 -60.960000 17.780000
3063 -60.960000 -17.780000
3064 -60.960000 20.320000
3065 -60.960000 -20.320000
3066 -60.960000 22.860000
3067 -60.960000 -22.860000
3068 -60.960000 25.400000
3069 -60.960000 -25.400000
3070 -60.960000 27.940000
3071 -60.960000 -27.940000
3072 -60.960000 30.480000
3073 -60.960000 -30.480000
3074 -60.960000 33.020000
3075 -60.960000 -33.020000
3076 -60.960000 35.560000
3077 -60.960000 -35.560000
3078 -60.960000 38.100000
3079 -60.960000 -38.100000
3080 -60.960000 40.640000
3081 -60.960000 -40.640000
3082 -60.960000 43.180000
3083 -60.960000 -43.180000
3084 -60.960000 45.720000
3085 -60.960000 -45.720000
3086 -60.960000 48.260000
3087 -60.960000 -48.260000
3088 -60.960000 50.800000
3089 -60.960000 -50.800000
3090 -60.960000 53.340000
3091 -60.960000 -53.340000
3092 -60.960000 55.880000
3093 -60.960000 -55.880000
3094 -60.960000 58.420000
3095 -60.960000 -58.420000
3096 -60.960000 60.960000
3097 -60.960000 -60.960000
3098 -60.960000 63.500000
3099 -60.960000 -63.500000
3100 -60.960000 66.040000
3101 -60.960000 -66.040000
3102 63.500000 0.000000
3103 63.500000 2.540000
3104 63.500000 -2.540000
3105 63.500000 5.080000
3106 63.500000 -5.080000
3107 63.500000 7.620000
3108 63.500000 -7.620000
3109 63.500000 10.160000
3110 63.500000 -10.160000
3111 63.500000 12.700000
3112 63.500000 -12.700000
3113 63.500000 15.240000
3114 63.500000 -15.240000
3115 63.500000 17.780000
3116 63.500000 -17.780000
3117 63.500000 20.320000
3118 63.500000 -20.320000
3119 63.500000 22.860000
3120 63.500000 -22.860000
3121 63.500000 25.400000
3122 63.500000 -25.400000
3123 63.500000 27.940000
3124 63.500000 -27.940000
3125 63.500000 30.480000
3126 63.500000 -30.480000
3127 63.500000 33.020000
3128 63.500000 -33.020000
3129 63.500000 35.560000
3130 63.500000 -35.560000
3131 63.500000 38.100000
3132 63.500000 -38.100000
3133 63.500000 40.640000
3134 63.500000 -40.640000
3135 63.500000 43.180000
3136 63.500000 -43.180000
3137 63.500000 45.720000
3138 63.500000 -45.720000
3139 63.500000 48.260000
3140 63.500000 -48.260000
3141 63.500000 50.800000
3142 63.500000 -50.800000
3143 63.500000 53.340000
3144 63.500000 -53.340000
3145 63.500000 55.880000
3146 63.500000 -55.880000
3147 63.500000 58.420000
3148 63.500000 -58.420000
3149 63.500000 60.960000
3150 63.500000 -60.960000
3151 63.500000 63.500000
3152 63.500000 -63.500000
3153 -63.500000 0.000000
3154 -63.500000 2.540000
3155 -63.500000 -2.540000
3156 -63.500000 5.080000
3157 -63.500000 -5.080000
3158 -63.500000 7.620000
3159 -63.500000 -7.620000
3160 -63.500000 10.160000
3161 -63.500000 -10.160000
3162 -63.500000 12.700000
3163 -63.500000 -12.700000
3164 -63.500000 15.240000
3165 -63.500000 -15.240000
3166 -63.500000 17.780000
3167 -63.500000 -17.780000
3168 -63.500000 20.320000
3169 -63.500000 -20.320000
3170 -63.500000 22.860000
3171 -63.500000 -22.860000
3172 -63.500000 25.400000
3173 -63.500000 -25.400000
3174 -63.500000 27.940000
3175 -63.500000 -27.940000
3176 -63.500000 30.480000
3177 -63.500000 -30.480000
3178 -63.500000 33.020000
3179 -63.500000 -33.020000
3180 -63.500000 35.560000
3181 -63.500000 -35.560000
3182 -63.500000 38.100000
3183 -63.500000 -38.100000
3184 -63.500000 40.640000
3185 -63.500000 -40.640000
3186 -63.500000 43.180000
3187 -63.500000 -43.180000
3188 -63.500000 45.720000
3189 -63.500000 -45.720000
3190 -63.500000 48.260000
3191 -63.500000 -48.260000
3192 -63.500000 50.800000
3193 -63.500000 -50.800000
3194 -63.500000 53.340000
3195 -63.500000 -53.340000
3196 -63.500000 55.880000
3197 -63.500000 -55.880000
3198 -63.500000 58.420000
3199 -63.500000 -58.420000
3200 -63.500000 60.960000
3201 -63.500000 -60.960000
3202 -63.500000 63.500000
3203 -63.500000 -63.500000
3204 66.040000 0.000000
3205 66.040000 2.540000
3206 66.040000 -2.540000
3207 66.040000 5.080000
3208 66.040000 -5.080000
3209 66.040000 7.620000
3210 66.040000 -7.620000
3211 66.040000 10.160000
3212 66.040000 -10.160000
3213 66.040000 12.700000
3214 66.040000 -12.700000
3215 66.040000 15.240000
3216 66.040000 -15.240000
3217 66.040000 17.780000
3218 66.040000 -17.780000
3219 66.040000 20.320000
3220 66.040000 -20.320000
3221 66.040000 22.860000
3222 66.040000 -22.860000
3223 66.040000 25.400000
3224 66.040000 -25.400000
3225 66.040000 27.940000
3226 66.040000 -27.940000
3227 66.040000 30.480000
3228 66.040000 -30.480000
3229 66.040000 33.020000
3230 66.040000 -33.020000
3231 66.040000 35.560000
3232 66.040000 -35.560000
3233 66.040000 38.100000
3234 66.040000 -38.100000
3235 66.040000 40.640000
3236 66.040000 -40.640000
3237 66.040000 43.180000
3238 66.040000 -43.180000
3239 66.040000 45.720000
3240 66.040000 -45.720000
3241 66.040000 48.260000
3242 66.040000 -48.260000
3243 66.040000 50.800000
3244 66.040000 -50.800000
3245 66.040000 53.340000
3246 66.040000 -53.340000
3247 66.040000 55.880000
3248 66.040000 -55.880000
3249 66.040000 58.420000
3250 66.040000 -58.420000
3251 66.040000 60.960000
3252 66.040000 -60.960000
3253 -66.040000 0.000000
3254 -66.040000 2.540000
3255 -66.040000 -2.540000
3256 -66.040000 5.080000
3257 -66.040000 -5.080000
3258 -66.040000 7.620000
3259 -66.040000 -7.620000
3260 -66.040000 10.160000
3261 -66.040000 -10.160000
3262 -66.040000 12.700000
3263 -66.040000 -12.700000
3264 -66.040000 15.240000
3265 -66.040000 -15.240000
3266 -66.040000 17.780000
3267 -66.040000 -17.780000
3268 -66.040000 20.320000
3269 -66.040000 -20.320000
3270 -66.040000 22.860000
3271 -66.040000 -22.860000
3272 -66.040000 25.400000
3273 -66.040000 -25.400000
3274 -66.040000 27.940000
3275 -66.040000 -27.940000
3276 -66.040000 30.480000
3277 -66.040000 -30.480000
3278 -66.040000 33.020000
3279 -66.040000 -33.020000
3280 -66.040000 35.560000
3281 -66.040000 -35.560000
3282 -66.040000 38.100000
3283 -66.040000 -38.100000
3284 -66.040000 40.640000
3285 -66.040000 -40.640000
3286 -66.040000 43.180000
3287 -66.040000 -43.180000
3288 -66.040000 45.720000
3289 -66.040000 -45.720000
3290 -66.040000 48.260000
3291 -66.040000 -48.260000
3292 -66.040000 50.800000
3293 -66.040000 -50.800000
3294 -66.040000 53.340000
3295 -66.040000 -53.340000
3296 -66.040000 55.880000
3297 -66.040000 -55.880000
3298 -66.040000 58.420000
3299 -66.040000 -58.420000
3300 -66.040000 60.960000
3301 -66.040000 -60.960000
3302 68.580000 0.000000
3303 68.580000 2.540000
3304 68.580000 -2.540000
3305 68.580000 5.080000
3306 68.580000 -5.080000
3307 68.580000 7.620000
3308 68.580000 -7.620000
3309 68.580000 10.160000
3310 68.580000 -10.160000
3311 68.580000 12.700000
3312 68.580000 -12.700000
3313 68.580000 15.240000
3314 68.580000 -15.240000
3315 68.580000 17.780000
3316 68.580000 -17.780000
3317 68.580000 20.320000
3318 68.580000 -20.320000
3319 68.580000 22.860000
3320 68.580000 -22.860000
3321 68.580000 25.400000
3322 68.580000 -25.400000
3323 68.580000 27.940000
3324 68.580000 -27.940000
3325 68.580000 30.480000
3326 68.580000 -30.480000
3327 68.580000 33.020000
3328 68.580000 -33.020000
3329 68.580000 35.560000
3330 68.580000 -35.560000
3331 68.580000 38.100000
3332 68.580000 -38.100000
3333 68.580000 40.640000
3334 68.580000 -40.640000
3335 68.580000 43.180000
3336 68.580000 -43.180000
3337 68.580000 45.720000
3338 68.580000 -45.720000
3339 68.580000 48.260000
3340 68.580000 -48.260000
3341 68.580000 50.800000
3342 68.580000 -50.800000
3343 68.580000 53.340000
3344 68.580000 -53.340000
3345 68.580000 55.880000
3346 68.580000 -55.880000
3347 -68.580000 0.000000
3348 -68.580000 2.540000
3349 -68.580000 -2.540000
3350 -68.580000 5.080000
3351 -68.580000 -5.080000
3352 -68.580000 7.620000
3353 -68.580000 -7.620000
3354 -68.580000 10.160000
3355 -68.580000 -10.160000
3356 -68.580000 12.700000
3357 -68.580000 -12.700000
3358 -68.580000 15.240000
3359 -68.580000 -15.240000
3360 -68.580000 17.780000
3361 -68.580000 -17.780000
3362 -68.580000 20.320000
3363 -68.580000 -20.320000
3364 -68.580000 22.860000
3365 -68.580000 -22.860000
3366 -68.580000 25.400000
3367 -68.580000 -25.400000
3368 -68.580000 27.940000
3369 -68.580000 -27.940000
3370 -68.580000 30.480000
3371 -68.580000 -30.480000
3372 -68.580000 33.020000
3373 -68.580000 -33.020000
3374 -68.580000 35.560000
3375 -68.580000 -35.560000
3376 -68.580000 38.100000
3377 -68.580000 -38.100000
3378 -68.580000 40.640000
3379 -68.580000 -40.640000
3380 -68.580000 43.180000
3381 -68.580000 -43.180000
3382 -68.580000 45.720000
3383 -68.580000 -45.720000
3384 -68.580000 48.260000
3385 -68.580000 -48.260000
3386 -68.580000 50.800000
3387 -68.580000 -50.800000
3388 -68.580000 53.340000
3389 -68.580000 -53.340000
3390 -68.580000 55.880000
3391 -68.580000 -55.880000
3392 71.120000 0.000000
3393 71.120000 2.540000
3394 71.120000 -2.540000
3395 71.120000 5.080000
3396 71.120000 -5.080000
3397 71.120000 7.620000
3398 71.120000 -7.620000
3399 71.120000 10.160000
3400 71.120000 -10.160000
3401 71.120000 12.700000
3402 71.120000 -12.700000
3403 71.120000 15.240000
3404 71.120000 -15.240000
3405 71.120000 17.780000
3406 71.120000 -17.780000
3407 71.120000 20.320000
3408 71.120000 -20.320000
3409 71.120000 22.860000
3410 71.120000 -22.860000
3411 71.120000 25.400000
3412 71.120000 -25.400000
3413 71.120000 27.940000
3414 71.120000 -27.940000
3415 71.120000 30.480000
3416 71.120000 -30.480000
3417 71.120000 33.020000
3418 71.120000 -33.020000
3419 71.120000 35.560000
3420 71.120000 -35.560000
3421 71.120000 38.100000
3422 71.120000 -38.100000
3423 71.120000 40.640000
3424 71.120000 -40.640000
3425 71.120000 43.180000
3426 71.120000 -43.180000
3427 71.120000 45.720000
3428 71.120000 -45.720000
3429 71.120000 48.260000
3430 71.120000 -48.260000
3431 71.120000 50.800000
3432 71.120000 -50.800000
3433 71.120000 53.340000
3434 71.120000 -53.340000
3435 -71.120000 0.000000
3436 -71.120000 2.540000
3437 -71.120000 -2.540000
3438 -71.120000 5.080000
3439 -71.120000 -5.080000
3440 -71.120000 7.620000
3441 -71.120000 -7.620000
3442 -71.120000 10.160000
3443 -71.120000 -10.160000
3444 -71.120000 12.700000
3445 -71.120000 -12.700000
3446 -71.120000 15.240000
3447 -71.120000 -15.240000
3448 -71.120000 17.780000
3449 -71.120000 -17.780000
3450 -71.120000 20.320000
3451 -71.120000 -20.320000
3452 -71.120000 22.860000
3453 -71.120000 -22.860000
3454 -71.120000 25.400000
3455 -71.120000 -25.400000
3456 -71.120000 27.940000
3457 -71.120000 -27.940000
3458 -71.120000 30.480000
3459 -71.120000 -30.480000
3460 -71.120000 33.020000
3461 -71.120000 -33.020000
3462 -71.120000 35.560000
3463 -71.120000 -35.560000
3464 -71.120000 38.100000
3465 -71.120000 -38.100000
3466 -71.120000 40.640000
3467 -71.120000 -40.640000
3468 -71.120000 43.180000
3469 -71.120000 -43.180000
3470 -71.120000 45.720000
3471 -71.120000 -45.720000
3472 -71.120000 48.260000
3473 -71.120000 -48.260000
3474 -71.120000 50.800000
3475 -71.120000 -50.800000
3476 -71.120000 53.340000
3477 -71.120000 -53.340000
3478 73.660000 0.000000
3479 73.660000 2.540000
3480 73.660000 -2.540000
3481 73.660000 5.080000
3482 73.660000 -5.080000
3483 73.660000 7.620000
3484 73.660000 -7.620000
3485 73.660000 10.160000
3486 73.660000 -10.160000
3487 73.660000 12.700000
3488 73.660000 -12.700000
3489 73.660000 15.240000
3490 73.660000 -15.240000
3491 73.660000 17.780000
3492 73.660000 -17.780000
3493 73.660000 20.320000
3494 73.660000 -20.320000
3495 73.660000 22.860000
3496 73.660000 -22.860000
3497 73.660000 25.400000
3498 73.660000 -25.400000
3499 73.660000 27.940000
3500 73.660000 -27.940000
3501 73.660000 30.480000
3502 73.660000 -30.480000
3503 73.660000 33.020000
3504 73.660000 -33.020000
3505 73.660000 35.560000
3506 73.660000 -35.560000
3507 73.660000 38.100000
3508 73.660000 -38.100000
3509 73.660000 40.640000
3510 73.660000 -40.640000
3511 73.660000 43.180000
3512 73.660000 -43.180000
3513 73.660000 45.720000
3514 73.660000 -45.720000
3515 73.660000 48.260000
3516 73.660000 -48.260000
3517 73.660000 50.800000
3518 73.660000 -50.800000
3519 -73.660000 0.000000
3520 -73.660000 2.540000
3521 -73.660000 -2.540000
3522 -73.660000 5.080000
3523 -73.660000 -5.080000
3524 -73.660000 7.620000
3525 -73.660000 -7.620000
3526 -73.660000 10.160000
3527 -73.660000 -10.160000
3528 -73.660000 12.700000
3529 -73.660000 -12.700000
3530 -73.660000 15.240000
3531 -73.660000 -15.240000
3532 -73.660000 17.780000
3533 -73.660000 -17.780000
3534 -73.660000 20.320000
3535 -73.660000 -20.320000
3536 -73.660000 22.860000
3537 -73.660000 -22.860000
3538 -73.660000 25.400000
3539 -73.660000 -25.400000
3540 -73.660000 27.940000
3541 -73.660000 -27.940000
3542 -73.660000 30.480000
3543 -73.660000 -30.480000
3544 -73.660000 33.020000
3545 -73.660000 -33.020000
3546 -73.660000 35.560000
3547 -73.660000 -35.560000
3548 -73.660000 38.100000
3549 -73.660000 -38.100000
3550 -73.660000 40.640000
3551 -73.660000 -40.640000
3552 -73.660000 43.180000
3553 -73.660000 -43.180000
3554 -73.660000 45.720000
3555 -73.660000 -45.720000
3556 -73.660000 48.260000
3557 -73.660000 -48.260000
3558 -73.660000 50.800000
3559 -73.660000 -50.800000
3560 76.200000 0.000000
3561 76.200000 2.540000
3562 76.200000 -2.540000
3563 76.200000 5.080000
3564 76.200000 -5.080000
3565 76.200000 7.620000
3566 76.200000 -7.620000
3567 76.200000 10.160000
3568 76.200000 -10.160000
3569 76.200000 12.700000
3570 76.200000 -12.700000
3571 76.200000 15.240000
3572 76.200000 -15.240000
3573 76.200000 17.780000
3574 76.200000 -17.780000
3575 76.200000 20.320000
3576 76.200000 -20.320000
3577 76.200000 22.860000
3578 76.200000 -22.860000
3579 76.200000 25.400000
3580 76.200000 -25.400000
3581 76.200000 27.940000
3582 76.200000 -27.940000
3583 76.200000 30.480000
3584 76.200000 -30.480000
3585 76.200000 33.020000
3586 76.200000 -33.020000
3587 76.200000 35.560000
3588 76.200000 -35.560000
3589 76.200000 38.100000
3590 76.200000 -38.100000
3591 76.200000 40.640000
3592 76.200000 -40.640000
3593 76.200000 43.180000
3594 76.200000 -43.180000
3595 76.200000 45.720000
3596 76.200000 -45.720000
3597 -76.200000 0.000000
3598 -76.200000 2.540000
3599 -76.200000 -2.540000
3600 -76.200000 5.080000
3601 -76.200000 -5.080000
3602 -76.200000 7.620000
3603 -76.200000 -7.620000
3604 -76.200000 10.160000
3605 -76.200000 -10.160000
3606 -76.200000 12.700000
3607 -76.200000 -12.700000
3608 -76.200000 15.240000
3609 -76.200000 -15.240000
3610 -76.200000 17.780000
3611 -76.200000 -17.780000
3612 -76.200000 20.320000
3613 -76.200000 -20.320000
3614 -76.200000 22.860000
3615 -76.200000 -22.860000
3616 -76.200000 25.400000
3617 -76.200000 -25.400000
3618 -76.200000 27.940000
3619 -76.200000 -27.940000
3620 -76.200000 30.480000
3621 -76.200000 -30.480000
3622 -76.200000 33.020000
3623 -76.200000 -33.020000
3624 -76.200000 35.560000
3625 -76.200000 -35.560000
3626 -76.200000 38.100000
3627 -76.200000 -38.100000
3628 -76.200000 40.640000
3629 -76.200000 -40.640000
3630 -76.200000 43.180000
3631 -76.200000 -43.180000
3632 -76.200000 45.720000
3633 -76.200000 -45.720000
3634 78.740000 0.000000
3635 78.740000 2.540000
3636 78.740000 -2.540000
3637 78.740000 5.080000
3638 78.740000 -5.080000
3639 78.740000 7.620000
3640 78.740000 -7.620000
3641 78.740000 10.160000
3642 78.740000 -10.160000
3643 78.740000 12.700000
3644 78.740000 -12.700000
3645 78.740000 15.240000
3646 78.740000 -15.240000
3647 78.740000 17.780000
3648 78.740000 -17.780000
3649 78.740000 20.320000
3650 78.740000 -20.320000
3651 78.740000 22.860000
3652 78.740000 -22.860000
3653 78.740000 25.400000
3654 78.740000 -25.400000
3655 78.740000 27.940000
3656 78.740000 -27.940000
3657 78.740000 30.480000
3658 78.740000 -30.480000
3659 78.740000 33.020000
3660 78.740000 -33.020000
3661 78.740000 35.560000
3662 78.740000 -35.560000
3663 78.740000 38.100000
3664 78.740000 -38.100000
3665 78.740000 40.640000
3666 78.740000 -40.640000
3667 78.740000 43.180000
3668 78.740000 -43.180000
3669 -78.740000 0.000000
3670 -78.740000 2.540000
3671 -78.740000 -2.540000
3672 -78.740000 5.080000
3673 -78.740000 -5.080000
3674 -78.740000 7.620000
3675 -78.740000 -7.620000
3676 -78.740000 10.160000
3677 -78.740000 -10.160000
3678 -78.740000 12.700000
3679 -78.740000 -12.700000
3680 -78.740000 15.240000
3681 -78.740000 -15.240000
3682 -78.740000 17.780000
3683 -78.740000 -17.780000
3684 -78.740000 20.320000
3685 -78.740000 -20.320000
3686 -78.740000 22.860000
3687 -78.740000 -22.860000
3688 -78.740000 25.400000
3689 -78.740000 -25.400000
3690 -78.740000 27.940000
3691 -78.740000 -27.940000
3692 -78.740000 30.480000
3693 -78.740000 -30.480000
3694 -78.740000 33.020000
3695 -78.740000 -33.020000
3696 -78.740000 35.560000
3697 -78.740000 -35.560000
3698 -78.740000 38.100000
3699 -78.740000 -38.100000
3700 -78.740000 40.640000
3701 -78.740000 -40.640000
3702 -78.740000 43.180000
3703 -78.740000 -43.180000
3704 81.280000 0.000000
3705 81.280000 2.540000
3706 81.280000 -2.540000
3707 81.280000 5.080000
3708 81.280000 -5.080000
3709 81.280000 7.620000
3710 81.280000 -7.620000
3711 81.280000 10.160000
3712 81.280000 -10.160000
3713 81.280000 12.700000
3714 81.280000 -12.700000
3715 81.280000 15.240000
3716 81.280000 -15.240000
3717 81.280000 17.780000
3718 81.280000 -17.780000
3719 81.280000 20.320000
3720 81.280000 -20.320000
3721 81.280000 22.860000
3722 81.280000 -22.860000
3723 81.280000 25.400000
3724 81.280000 -25.400000
3725 81.280000 27.940000
3726 81.280000 -27.940000
3727 81.280000 30.480000
3728 81.280000 -30.480000
3729 81.280000 33.020000
3730 81.280000 -33.020000
3731 81.280000 35.560000
3732 81.280000 -35.560000
3733 81.280000 38.100000
3734 81.280000 -38.100000
3735 -81.280000 0.000000
3736 -81.280000 2.540000
3737 -81.280000 -2.540000
3738 -81.280000 5.080000
3739 -81.280000 -5.080000
3740 -81.280000 7.620000
3741 -81.280000 -7.620000
3742 -81.280000 10.160000
3743 -81.280000 -10.160000
3744 -81.280000 12.700000
3745 -81.280000 -12.700000
3746 -81.280000 15.240000
3747 -81.280000 -15.240000
3748 -81.280000 17.780000
3749 -81.280000 -17.780000
3750 -81.280000 20.320000
3751 -81.280000 -20.320000
3752 -81.280000 22.860000
3753 -81.280000 -22.860000
3754 -81.280000 25.400000
3755 -81.280000 -25.400000
3756 -81.280000 27.940000
3757 -81.280000 -27.940000
3758 -81.280000 30.480000
3759 -81.280000 -30.480000
3760 -81.280000 33.020000
3761 -81.280000 -33.020000
3762 -81.280000 35.560000
3763 -81.280000 -35.560000
3764 -81.280000 38.100000
3765 -81.280000 -38.100000
3766 83.820000 0.000000
3767 83.820000 2.540000
3768 83.820000 -2.540000
3769 83.820000 5.080000
3770 83.820000 -5.080000
3771 83.820000 7.620000
3772 83.820000 -7.620000
3773 83.820000 10.160000
3774 83.820000 -10.160000
3775 83.820000 12.700000
3776 83.820000 -12.700000
3777 83.820000 15.240000
3778 83.820000 -15.240000
3779 83.820000 17.780000
3780 83.820000 -17.780000
3781 83.820000 20.320000
3782 83.820000 -20.320000
3783 83.820000 22.860000
3784 83.820000 -22.860000
3785 83.820000 25.400000
3786 83.820000 -25.400000
3787 83.820000 27.940000
3788 83.820000 -27.940000
3789 83.820000 30.480000
3790 83.820000 -30.480000
3791 -83.820000 0.000000
3792 -83.820000 2.540000
3793 -83.820000 -2.540000
3794 -83.820000 5.080000
3795 -83.820000 -5.080000
3796 -83.820000 7.620000
3797 -83.820000 -7.620000
3798 -83.820000 10.160000
3799 -83.820000 -10.160000
3800 -83.820000 12.700000
3801 -83.820000 -12.700000
3802 -83.820000 15.240000
3803 -83.820000 -15.240000
3804 -83.820000 17.780000
3805 -83.820000 -17.780000
3806 -83.820000 20.320000
3807 -83.820000 -20.320000
3808 -83.820000 22.860000
3809 -83.820000 -22.860000
3810 -83.820000 25.400000
3811 -83.820000 -25.400000
3812 -83.820000 27.940000
3813 -83.820000 -27.940000
3814 -83.820000 30.480000
3815 -83.820000 -30.480000
3816 86.360000 0.000000
3817 86.360000 2.540000
3818 86.360000 -2.540000
3819 86.360000 5.080000
3820 86.360000 -5.080000
3821 86.360000 7.620000
3822 86.360000 -7.620000
3823 86.360000 10.160000
3824 86.360000 -10.160000
3825 86.360000 12.700000
3826 86.360000 -12.700000
3827 86.360000 15.240000
3828 86.360000 -15.240000
3829 86.360000 17.780000
3830 86.360000 -17.780000
3831 86.360000 20.320000
3832 86.360000 -20.320000
3833 86.360000 22.860000
3834 86.360000 -22.860000
3835 -86.360000 0.000000
3836 -86.360000 2.540000
3837 -86.360000 -2.540000
3838 -86.360000 5.080000
3839 -86.360000 -5.080000
3840 -86.360000 7.620000
3841 -86.360000 -7.620000
3842 -86.360000 10.160000
3843 -86.360000 -10.160000
3844 -86.360000 12.700000
3845 -86.360000 -12.700000
3846 -86.360000 15.240000
3847 -86.360000 -15.240000
3848 -86.360000 17.780000
3849 -86.360000 -17.780000
3850 -86.360000 20.320000
3851 -86.360000 -20.320000
3852 -86.360000 22.860000
3853 -86.360000 -22.860000
3854 88.900000 0.000000
3855 88.900000 2.540000
3856 88.900000 -2.540000
3857 88.900000 5.080000
3858 88.900000 -5.080000
3859 88.900000 7.620000
3860 88.900000 -7.620000
3861 88.900000 10.160000
3862 88.900000 -10.160000
3863 88.900000 12.700000
3864 88.900000 -12.700000
3865 -88.900000 0.000000
3866 -88.900000 2.540000
3867 -88.900000 -2.540000
3868 -88.900000 5.080000
3869 -88.900000 -5.080000
3870 -88.900000 7.620000
3871 -88.900000 -7.620000
3872 -88.900000 10.160000
3873 -88.900000 -10.160000
3874 -88.900000 12.700000
3875 -88.900000 -12.700000
