114.0  -37.50  -33.5651
114.0  -32.50  -32.2696
114.0  -27.50  -31.1689
114.0  -22.50  -30.2584
114.0  -17.50  -29.5343
114.0  -12.50  -28.9937
114.0  -7.50   -28.6345
114.0  -2.50   -28.4552
114.0  2.50    -28.4552
114.0  7.50    -28.6345
114.0  12.50   -28.9937
114.0  17.50   -29.5343
114.0  22.50   -30.2584
114.0  27.50   -31.1689
114.0  32.50   -32.2696
114.0  37.50   -33.5651
119.0  -37.50  -33.2493
119.0  -32.50  -31.9568
119.0  -27.50  -30.8587
119.0  -22.50  -29.9502
119.0  -17.50  -29.2277
119.0  -12.50  -28.6883
119.0  -7.50   -28.3299
119.0  -2.50   -28.151
119.0  2.50    -28.151
119.0  7.50    -28.3299
119.0  12.50   -28.6883
119.0  17.50   -29.2277
119.0  22.50   -29.9502
119.0  27.50   -30.8587
119.0  32.50   -31.9568
119.0  37.50   -33.2493
124.0  -37.50  -33.1195
124.0  -32.50  -31.8282
124.0  -27.50  -30.7311
124.0  -22.50  -29.8235
124.0  -17.50  -29.1017
124.0  -12.50  -28.5627
124.0  -7.50   -28.2046
124.0  -2.50   -28.0259
124.0  2.50    -28.0259
124.0  7.50    -28.2046
124.0  12.50   -28.5627
124.0  17.50   -29.1017
124.0  22.50   -29.8235
124.0  27.50   -30.7311
124.0  32.50   -31.8282
124.0  37.50   -33.1195
129.0  -37.50  -33.1751
129.0  -32.50  -31.8833
129.0  -27.50  -30.7858
129.0  -22.50  -29.8778
129.0  -17.50  -29.1557
129.0  -12.50  -28.6165
129.0  -7.50   -28.2583
129.0  -2.50   -28.0795
129.0  2.50    -28.0795
129.0  7.50    -28.2583
129.0  12.50   -28.6165
129.0  17.50   -29.1557
129.0  22.50   -29.8778
129.0  27.50   -30.7858
129.0  32.50   -31.8833
129.0  37.50   -33.1751
134.0  -37.50  -33.4164
134.0  -32.50  -32.1223
134.0  -27.50  -31.0228
134.0  -22.50  -30.1133
134.0  -17.50  -29.3899
134.0  -12.50  -28.8499
134.0  -7.50   -28.491
134.0  -2.50   -28.312
134.0  2.50    -28.312
134.0  7.50    -28.491
134.0  12.50   -28.8499
134.0  17.50   -29.3899
134.0  22.50   -30.1133
134.0  27.50   -31.0228
134.0  32.50   -32.1223
134.0  37.50   -33.4164
139.0  -37.50  -33.8443
139.0  -32.50  -32.5461
139.0  -27.50  -31.4432
139.0  -22.50  -30.5309
139.0  -17.50  -29.8054
139.0  -12.50  -29.2637
139.0  -7.50   -28.9038
139.0  -2.50   -28.7242
139.0  2.50    -28.7242
139.0  7.50    -28.9038
139.0  12.50   -29.2637
139.0  17.50   -29.8054
139.0  22.50   -30.5309
139.0  27.50   -31.4432
139.0  32.50   -32.5461
139.0  37.50   -33.8443
144.0  -37.50  -34.4607
144.0  -32.50  -33.1566
144.0  -27.50  -32.0487
144.0  -22.50  -31.1324
144.0  -17.50  -30.4037
144.0  -12.50  -29.8597
144.0  -7.50   -29.4982
144.0  -2.50   -29.3178
144.0  2.50    -29.3178
144.0  7.50    -29.4982
144.0  12.50   -29.8597
144.0  17.50   -30.4037
144.0  22.50   -31.1324
144.0  27.50   -32.0487
144.0  32.50   -33.1566
144.0  37.50   -34.4607
149.0  -37.50  -35.2681
149.0  -32.50  -33.9562
149.0  -27.50  -32.8418
149.0  -22.50  -31.9201
149.0  -17.50  -31.1872
149.0  -12.50  -30.6401
149.0  -7.50   -30.2765
149.0  -2.50   -30.0951
149.0  2.50    -30.0951
149.0  7.50    -30.2765
149.0  12.50   -30.6401
149.0  17.50   -31.1872
149.0  22.50   -31.9201
149.0  27.50   -32.8418
149.0  32.50   -33.9562
149.0  37.50   -35.2681
154.0  -37.50  -36.2702
154.0  -32.50  -34.9483
154.0  -27.50  -33.8257
154.0  -22.50  -32.8973
154.0  -17.50  -32.1591
154.0  -12.50  -31.6081
154.0  -7.50   -31.242
154.0  -2.50   -31.0593
154.0  2.50    -31.0593
154.0  7.50    -31.242
154.0  12.50   -31.6081
154.0  17.50   -32.1591
154.0  22.50   -32.8973
154.0  27.50   -33.8257
154.0  32.50   -34.9483
154.0  37.50   -36.2702
159.0  -37.50  -37.4713
159.0  -32.50  -36.1374
159.0  -27.50  -35.0047
159.0  -22.50  -34.0681
159.0  -17.50  -33.3235
159.0  -12.50  -32.7678
159.0  -7.50   -32.3986
159.0  -2.50   -32.2143
159.0  2.50    -32.2143
159.0  7.50    -32.3986
159.0  12.50   -32.7678
159.0  17.50   -33.3235
159.0  22.50   -34.0681
159.0  27.50   -35.0047
159.0  32.50   -36.1374
159.0  37.50   -37.4713
164.0  -37.50  -38.877
164.0  -32.50  -37.5287
164.0  -27.50  -36.3841
164.0  -22.50  -35.4377
164.0  -17.50  -34.6855
164.0  -12.50  -34.1241
164.0  -7.50   -33.7512
164.0  -2.50   -33.5651
164.0  2.50    -33.5651
164.0  7.50    -33.7512
164.0  12.50   -34.1241
164.0  17.50   -34.6855
164.0  22.50   -35.4377
164.0  27.50   -36.3841
164.0  32.50   -37.5287
164.0  37.50   -38.877
169.0  -37.50  -40.4941
169.0  -32.50  -39.1289
169.0  -27.50  -37.9702
169.0  -22.50  -37.0124
169.0  -17.50  -36.2512
169.0  -12.50  -35.6831
169.0  -7.50   -35.3058
169.0  -2.50   -35.1175
169.0  2.50    -35.1175
169.0  7.50    -35.3058
169.0  12.50   -35.6831
169.0  17.50   -36.2512
169.0  22.50   -37.0124
169.0  27.50   -37.9702
169.0  32.50   -39.1289
169.0  37.50   -40.4941
109.0  -37.50  -34.0681
109.0  -32.50  -32.7678
109.0  -27.50  -31.6631
109.0  -22.50  -30.7493
109.0  -17.50  -30.0226
109.0  -12.50  -29.4801
109.0  -7.50   -29.1197
109.0  -2.50   -28.9398
109.0  2.50    -28.9398
109.0  7.50    -29.1197
109.0  12.50   -29.4801
109.0  17.50   -30.0226
109.0  22.50   -30.7493
109.0  27.50   -31.6631
109.0  32.50   -32.7678
109.0  37.50   -34.0681
104.0  -37.50  -34.7606
104.0  -32.50  -33.4535
104.0  -27.50  -32.3433
104.0  -22.50  -31.4249
104.0  -17.50  -30.6947
104.0  -12.50  -30.1495
104.0  -7.50   -29.7873
104.0  -2.50   -29.6065
104.0  2.50    -29.6065
104.0  7.50    -29.7873
104.0  12.50   -30.1495
104.0  17.50   -30.6947
104.0  22.50   -31.4249
104.0  27.50   -32.3433
104.0  32.50   -33.4535
104.0  37.50   -34.7606
