0 0.000000 10.400000
1 0.000000 -10.400000
2 0.000000 13.000000
3 0.000000 -13.000000
4 0.000000 15.600000
5 0.000000 -15.600000
6 0.000000 18.200000
7 0.000000 -18.200000
8 0.000000 20.800000
9 0.000000 -20.800000
10 0.000000 23.400000
11 0.000000 -23.400000
12 0.000000 26.000000
13 0.000000 -26.000000
14 0.000000 28.600000
15 0.000000 -28.600000
16 0.000000 31.200000
17 0.000000 -31.200000
18 0.000000 33.800000
19 0.000000 -33.800000
20 0.000000 36.400000
21 0.000000 -36.400000
22 0.000000 39.000000
23 0.000000 -39.000000
24 0.000000 41.600000
25 0.000000 -41.600000
26 0.000000 44.200000
27 0.000000 -44.200000
28 0.000000 46.800000
29 0.000000 -46.800000
30 0.000000 49.400000
31 0.000000 -49.400000
32 0.000000 52.000000
33 0.000000 -52.000000
34 0.000000 54.600000
35 0.000000 -54.600000
36 0.000000 57.200000
37 0.000000 -57.200000
38 0.000000 59.800000
39 0.000000 -59.800000
40 0.000000 62.400000
41 0.000000 -62.400000
42 0.000000 65.000000
43 0.000000 -65.000000
44 0.000000 67.600000
45 0.000000 -67.600000
46 0.000000 70.200000
47 0.000000 -70.200000
48 0.000000 72.800000
49 0.000000 -72.800000
50 0.000000 75.400000
51 0.000000 -75.400000
52 0.000000 78.000000
53 0.000000 -78.000000
54 0.000000 80.600000
55 0.000000 -80.600000
56 0.000000 83.200000
57 0.000000 -83.200000
58 0.000000 85.800000
59 0.000000 -85.800000
60 0.000000 88.400000
61 0.000000 -88.400000
62 2.600000 10.400000
63 2.600000 -10.400000
64 2.600000 13.000000
65 2.600000 -13.000000
66 2.600000 15.600000
67 2.600000 -15.600000
68 2.600000 18.200000
69 2.600000 -18.200000
70 2.600000 20.800000
71 2.600000 -20.800000
72 2.600000 23.400000
73 2.600000 -23.400000
74 2.600000 26.000000
75 2.600000 -26.000000
76 2.600000 28.600000
77 2.600000 -28.600000
78 2.600000 31.200000
79 2.600000 -31.200000
80 2.600000 33.800000
81 2.600000 -33.800000
82 2.600000 36.400000
83 2.600000 -36.400000
84 2.600000 39.000000
85 2.600000 -39.000000
86 2.600000 41.600000
87 2.600000 -41.600000
88 2.600000 44.200000
89 2.600000 -44.200000
90 2.600000 46.800000
91 2.600000 -46.800000
92 2.600000 49.400000
93 2.600000 -49.400000
94 2.600000 52.000000
95 2.600000 -52.000000
96 2.600000 54.600000
97 2.600000 -54.600000
98 2.600000 57.200000
99 2.600000 -57.200000
100 2.600000 59.800000
101 2.600000 -59.800000
102 2.600000 62.400000
103 2.600000 -62.400000
104 2.600000 65.000000
105 2.600000 -65.000000
106 2.600000 67.600000
107 2.600000 -67.600000
108 2.600000 70.200000
109 2.600000 -70.200000
110 2.600000 72.800000
111 2.600000 -72.800000
112 2.600000 75.400000
113 2.600000 -75.400000
114 2.600000 78.000000
115 2.600000 -78.000000
116 2.600000 80.600000
117 2.600000 -80.600000
118 2.600000 83.200000
119 2.600000 -83.200000
120 2.600000 85.800000
121 2.600000 -85.800000
122 2.600000 88.400000
123 2.600000 -88.400000
124 -2.600000 10.400000
125 -2.600000 -10.400000
126 -2.600000 13.000000
127 -2.600000 -13.000000
128 -2.600000 15.600000
129 -2.600000 -15.600000
130 -2.600000 18.200000
131 -2.600000 -18.200000
132 -2.600000 20.800000
133 -2.600000 -20.800000
134 -2.600000 23.400000
135 -2.600000 -23.400000
136 -2.600000 26.000000
137 -2.600000 -26.000000
138 -2.600000 28.600000
139 -2.600000 -28.600000
140 -2.600000 31.200000
141 -2.600000 -31.200000
142 -2.600000 33.800000
143 -2.600000 -33.800000
144 -2.600000 36.400000
145 -2.600000 -36.400000
146 -2.600000 39.000000
147 -2.600000 -39.000000
148 -2.600000 41.600000
149 -2.600000 -41.600000
150 -2.600000 44.200000
151 -2.600000 -44.200000
152 -2.600000 46.800000
153 -2.600000 -46.800000
154 -2.600000 49.400000
155 -2.600000 -49.400000
156 -2.600000 52.000000
157 -2.600000 -52.000000
158 -2.600000 54.600000
159 -2.600000 -54.600000
160 -2.600000 57.200000
161 -2.600000 -57.200000
162 -2.600000 59.800000
163 -2.600000 -59.800000
164 -2.600000 62.400000
165 -2.600000 -62.400000
166 -2.600000 65.000000
167 -2.600000 -65.000000
168 -2.600000 67.600000
169 -2.600000 -67.600000
170 -2.600000 70.200000
171 -2.600000 -70.200000
172 -2.600000 72.800000
173 -2.600000 -72.800000
174 -2.600000 75.400000
175 -2.600000 -75.400000
176 -2.600000 78.000000
177 -2.600000 -78.000000
178 -2.600000 80.600000
179 -2.600000 -80.600000
180 -2.600000 83.200000
181 -2.600000 -83.200000
182 -2.600000 85.800000
183 -2.600000 -85.800000
184 -2.600000 88.400000
185 -2.600000 -88.400000
186 5.200000 7.800000
187 5.200000 -7.800000
188 5.200000 10.400000
189 5.200000 -10.400000
190 5.200000 13.000000
191 5.200000 -13.000000
192 5.200000 15.600000
193 5.200000 -15.600000
194 5.200000 18.200000
195 5.200000 -18.200000
196 5.200000 20.800000
197 5.200000 -20.800000
198 5.200000 23.400000
199 5.200000 -23.400000
200 5.200000 26.000000
201 5.200000 -26.000000
202 5.200000 28.600000
203 5.200000 -28.600000
204 5.200000 31.200000
205 5.200000 -31.200000
206 5.200000 33.800000
207 5.200000 -33.800000
208 5.200000 36.400000
209 5.200000 -36.400000
210 5.200000 39.000000
211 5.200000 -39.000000
212 5.200000 41.600000
213 5.200000 -41.600000
214 5.200000 44.200000
215 5.200000 -44.200000
216 5.200000 46.800000
217 5.200000 -46.800000
218 5.200000 49.400000
219 5.200000 -49.400000
220 5.200000 52.000000
221 5.200000 -52.000000
222 5.200000 54.600000
223 5.200000 -54.600000
224 5.200000 57.200000
225 5.200000 -57.200000
226 5.200000 59.800000
227 5.200000 -59.800000
228 5.200000 62.400000
229 5.200000 -62.400000
230 5.200000 65.000000
231 5.200000 -65.000000
232 5.200000 67.600000
233 5.200000 -67.600000
234 5.200000 70.200000
235 5.200000 -70.200000
236 5.200000 72.800000
237 5.200000 -72.800000
238 5.200000 75.400000
239 5.200000 -75.400000
240 5.200000 78.000000
241 5.200000 -78.000000
242 5.200000 80.600000
243 5.200000 -80.600000
244 5.200000 83.200000
245 5.200000 -83.200000
246 5.200000 85.800000
247 5.200000 -85.800000
248 5.200000 88.400000
249 5.200000 -88.400000
250 -5.200000 7.800000
251 -5.200000 -7.800000
252 -5.200000 10.400000
253 -5.200000 -10.400000
254 -5.200000 13.000000
255 -5.200000 -13.000000
256 -5.200000 15.600000
257 -5.200000 -15.600000
258 -5.200000 18.200000
259 -5.200000 -18.200000
260 -5.200000 20.800000
261 -5.200000 -20.800000
262 -5.200000 23.400000
263 -5.200000 -23.400000
264 -5.200000 26.000000
265 -5.200000 -26.000000
266 -5.200000 28.600000
267 -5.200000 -28.600000
268 -5.200000 31.200000
269 -5.200000 -31.200000
270 -5.200000 33.800000
271 -5.200000 -33.800000
272 -5.200000 36.400000
273 -5.200000 -36.400000
274 -5.200000 39.000000
275 -5.200000 -39.000000
276 -5.200000 41.600000
277 -5.200000 -41.600000
278 -5.200000 44.200000
279 -5.200000 -44.200000
280 -5.200000 46.800000
281 -5.200000 -46.800000
282 -5.200000 49.400000
283 -5.200000 -49.400000
284 -5.200000 52.000000
285 -5.200000 -52.000000
286 -5.200000 54.600000
287 -5.200000 -54.600000
288 -5.200000 57.200000
289 -5.200000 -57.200000
290 -5.200000 59.800000
291 -5.200000 -59.800000
292 -5.200000 62.400000
293 -5.200000 -62.400000
294 -5.200000 65.000000
295 -5.200000 -65.000000
296 -5.200000 67.600000
297 -5.200000 -67.600000
298 -5.200000 70.200000
299 -5.200000 -70.200000
300 -5.200000 72.800000
301 -5.200000 -72.800000
302 -5.200000 75.400000
303 -5.200000 -75.400000
304 -5.200000 78.000000
305 -5.200000 -78.000000
306 -5.200000 80.600000
307 -5.200000 -80.600000
308 -5.200000 83.200000
309 -5.200000 -83.200000
310 -5.200000 85.800000
311 -5.200000 -85.800000
312 -5.200000 88.400000
313 -5.200000 -88.400000
314 7.800000 5.200000
315 7.800000 -5.200000
316 7.800000 7.800000
317 7.800000 -7.800000
318 7.800000 10.400000
319 7.800000 -10.400000
320 7.800000 13.000000
321 7.800000 -13.000000
322 7.800000 15.600000
323 7.800000 -15.600000
324 7.800000 18.200000
325 7.800000 -18.200000
326 7.800000 20.800000
327 7.800000 -20.800000
328 7.800000 23.400000
329 7.800000 -23.400000
330 7.800000 26.000000
331 7.800000 -26.000000
332 7.800000 28.600000
333 7.800000 -28.600000
334 7.800000 31.200000
335 7.800000 -31.200000
336 7.800000 33.800000
337 7.800000 -33.800000
338 7.800000 36.400000
339 7.800000 -36.400000
340 7.800000 39.000000
341 7.800000 -39.000000
342 7.800000 41.600000
343 7.800000 -41.600000
344 7.800000 44.200000
345 7.800000 -44.200000
346 7.800000 46.800000
347 7.800000 -46.800000
348 7.800000 49.400000
349 7.800000 -49.400000
350 7.800000 52.000000
351 7.800000 -52.000000
352 7.800000 54.600000
353 7.800000 -54.600000
354 7.800000 57.200000
355 7.800000 -57.200000
356 7.800000 59.800000
357 7.800000 -59.800000
358 7.800000 62.400000
359 7.800000 -62.400000
360 7.800000 65.000000
361 7.800000 -65.000000
362 7.800000 67.600000
363 7.800000 -67.600000
364 7.800000 70.200000
365 7.800000 -70.200000
366 7.800000 72.800000
367 7.800000 -72.800000
368 7.800000 75.400000
369 7.800000 -75.400000
370 7.800000 78.000000
371 7.800000 -78.000000
372 7.800000 80.600000
373 7.800000 -80.600000
374 7.800000 83.200000
375 7.800000 -83.200000
376 7.800000 85.800000
377 7.800000 -85.800000
378 7.800000 88.400000
379 7.800000 -88.400000
380 -7.800000 5.200000
381 -7.800000 -5.200000
382 -7.800000 7.800000
383 -7.800000 -7.800000
384 -7.800000 10.400000
385 -7.800000 -10.400000
386 -7.800000 13.000000
387 -7.800000 -13.000000
388 -7.800000 15.600000
389 -7.800000 -15.600000
390 -7.800000 18.200000
391 -7.800000 -18.200000
392 -7.800000 20.800000
393 -7.800000 -20.800000
394 -7.800000 23.400000
395 -7.800000 -23.400000
396 -7.800000 26.000000
397 -7.800000 -26.000000
398 -7.800000 28.600000
399 -7.800000 -28.600000
400 -7.800000 31.200000
401 -7.800000 -31.200000
402 -7.800000 33.800000
403 -7.800000 -33.800000
404 -7.800000 36.400000
405 -7.800000 -36.400000
406 -7.800000 39.000000
407 -7.800000 -39.000000
408 -7.800000 41.600000
409 -7.800000 -41.600000
410 -7.800000 44.200000
411 -7.800000 -44.200000
412 -7.800000 46.800000
413 -7.800000 -46.800000
414 -7.800000 49.400000
415 -7.800000 -49.400000
416 -7.800000 52.000000
417 -7.800000 -52.000000
418 -7.800000 54.600000
419 -7.800000 -54.600000
420 -7.800000 57.200000
421 -7.800000 -57.200000
422 -7.800000 59.800000
423 -7.800000 -59.800000
424 -7.800000 62.400000
425 -7.800000 -62.400000
426 -7.800000 65.000000
427 -7.800000 -65.000000
428 -7.800000 67.600000
429 -7.800000 -67.600000
430 -7.800000 70.200000
431 -7.800000 -70.200000
432 -7.800000 72.800000
433 -7.800000 -72.800000
434 -7.800000 75.400000
435 -7.800000 -75.400000
436 -7.800000 78.000000
437 -7.800000 -78.000000
438 -7.800000 80.600000
439 -7.800000 -80.600000
440 -7.800000 83.200000
441 -7.800000 -83.200000
442 -7.800000 85.800000
443 -7.800000 -85.800000
444 -7.800000 88.400000
445 -7.800000 -88.400000
446 10.400000 0.000000
447 10.400000 2.600000
448 10.400000 -2.600000
449 10.400000 5.200000
450 10.400000 -5.200000
451 10.400000 7.800000
452 10.400000 -7.800000
453 10.400000 10.400000
454 10.400000 -10.400000
455 10.400000 13.000000
456 10.400000 -13.000000
457 10.400000 15.600000
458 10.400000 -15.600000
459 10.400000 18.200000
460 10.400000 -18.200000
461 10.400000 20.800000
462 10.400000 -20.800000
463 10.400000 23.400000
464 10.400000 -23.400000
465 10.400000 26.000000
466 10.400000 -26.000000
467 10.400000 28.600000
468 10.400000 -28.600000
469 10.400000 31.200000
470 10.400000 -31.200000
471 10.400000 33.800000
472 10.400000 -33.800000
473 10.400000 36.400000
474 10.400000 -36.400000
475 10.400000 39.000000
476 10.400000 -39.000000
477 10.400000 41.600000
478 10.400000 -41.600000
479 10.400000 44.200000
480 10.400000 -44.200000
481 10.400000 46.800000
482 10.400000 -46.800000
483 10.400000 49.400000
484 10.400000 -49.400000
485 10.400000 52.000000
486 10.400000 -52.000000
487 10.400000 54.600000
488 10.400000 -54.600000
489 10.400000 57.200000
490 10.400000 -57.200000
491 10.400000 59.800000
492 10.400000 -59.800000
493 10.400000 62.400000
494 10.400000 -62.400000
495 10.400000 65.000000
496 10.400000 -65.000000
497 10.400000 67.600000
498 10.400000 -67.600000
499 10.400000 70.200000
500 10.400000 -70.200000
501 10.400000 72.800000
502 10.400000 -72.800000
503 10.400000 75.400000
504 10.400000 -75.400000
505 10.400000 78.000000
506 10.400000 -78.000000
507 10.400000 80.600000
508 10.400000 -80.600000
509 10.400000 83.200000
510 10.400000 -83.200000
511 10.400000 85.800000
512 10.400000 -85.800000
513 -10.400000 0.000000
514 -10.400000 2.600000
515 -10.400000 -2.600000
516 -10.400000 5.200000
517 -10.400000 -5.200000
518 -10.400000 7.800000
519 -10.400000 -7.800000
520 -10.400000 10.400000
521 -10.400000 -10.400000
522 -10.400000 13.000000
523 -10.400000 -13.000000
524 -10.400000 15.600000
525 -10.400000 -15.600000
526 -10.400000 18.200000
527 -10.400000 -18.200000
528 -10.400000 20.800000
529 -10.400000 -20.800000
530 -10.400000 23.400000
531 -10.400000 -23.400000
532 -10.400000 26.000000
533 -10.400000 -26.000000
534 -10.400000 28.600000
535 -10.400000 -28.600000
536 -10.400000 31.200000
537 -10.400000 -31.200000
538 -10.400000 33.800000
539 -10.400000 -33.800000
540 -10.400000 36.400000
541 -10.400000 -36.400000
542 -10.400000 39.000000
543 -10.400000 -39.000000
544 -10.400000 41.600000
545 -10.400000 -41.600000
546 -10.400000 44.200000
547 -10.400000 -44.200000
548 -10.400000 46.800000
549 -10.400000 -46.800000
550 -10.400000 49.400000
551 -10.400000 -49.400000
552 -10.400000 52.000000
553 -10.400000 -52.000000
554 -10.400000 54.600000
555 -10.400000 -54.600000
556 -10.400000 57.200000
557 -10.400000 -57.200000
558 -10.400000 59.800000
559 -10.400000 -59.800000
560 -10.400000 62.400000
561 -10.400000 -62.400000
562 -10.400000 65.000000
563 -10.400000 -65.000000
564 -10.400000 67.600000
565 -10.400000 -67.600000
566 -10.400000 70.200000
567 -10.400000 -70.200000
568 -10.400000 72.800000
569 -10.400000 -72.800000
570 -10.400000 75.400000
571 -10.400000 -75.400000
572 -10.400000 78.000000
573 -10.400000 -78.000000
574 -10.400000 80.600000
575 -10.400000 -80.600000
576 -10.400000 83.200000
577 -10.400000 -83.200000
578 -10.400000 85.800000
579 -10.400000 -85.800000
580 13.000000 0.000000
581 13.000000 2.600000
582 13.000000 -2.600000
583 13.000000 5.200000
584 13.000000 -5.200000
585 13.000000 7.800000
586 13.000000 -7.800000
587 13.000000 10.400000
588 13.000000 -10.400000
589 13.000000 13.000000
590 13.000000 -13.000000
591 13.000000 15.600000
592 13.000000 -15.600000
593 13.000000 18.200000
594 13.000000 -18.200000
595 13.000000 20.800000
596 13.000000 -20.800000
597 13.000000 23.400000
598 13.000000 -23.400000
599 13.000000 26.000000
600 13.000000 -26.000000
601 13.000000 28.600000
602 13.000000 -28.600000
603 13.000000 31.200000
604 13.000000 -31.200000
605 13.000000 33.800000
606 13.000000 -33.800000
607 13.000000 36.400000
608 13.000000 -36.400000
609 13.000000 39.000000
610 13.000000 -39.000000
611 13.000000 41.600000
612 13.000000 -41.600000
613 13.000000 44.200000
614 13.000000 -44.200000
615 13.000000 46.800000
616 13.000000 -46.800000
617 13.000000 49.400000
618 13.000000 -49.400000
619 13.000000 52.000000
620 13.000000 -52.000000
621 13.000000 54.600000
622 13.000000 -54.600000
623 13.000000 57.200000
624 13.000000 -57.200000
625 13.000000 59.800000
626 13.000000 -59.800000
627 13.000000 62.400000
628 13.000000 -62.400000
629 13.000000 65.000000
630 13.000000 -65.000000
631 13.000000 67.600000
632 13.000000 -67.600000
633 13.000000 70.200000
634 13.000000 -70.200000
635 13.000000 72.800000
636 13.000000 -72.800000
637 13.000000 75.400000
638 13.000000 -75.400000
639 13.000000 78.000000
640 13.000000 -78.000000
641 13.000000 80.600000
642 13.000000 -80.600000
643 13.000000 83.200000
644 13.000000 -83.200000
645 13.000000 85.800000
646 13.000000 -85.800000
647 -13.000000 0.000000
648 -13.000000 2.600000
649 -13.000000 -2.600000
650 -13.000000 5.200000
651 -13.000000 -5.200000
652 -13.000000 7.800000
653 -13.000000 -7.800000
654 -13.000000 10.400000
655 -13.000000 -10.400000
656 -13.000000 13.000000
657 -13.000000 -13.000000
658 -13.000000 15.600000
659 -13.000000 -15.600000
660 -13.000000 18.200000
661 -13.000000 -18.200000
662 -13.000000 20.800000
663 -13.000000 -20.800000
664 -13.000000 23.400000
665 -13.000000 -23.400000
666 -13.000000 26.000000
667 -13.000000 -26.000000
668 -13.000000 28.600000
669 -13.000000 -28.600000
670 -13.000000 31.200000
671 -13.000000 -31.200000
672 -13.000000 33.800000
673 -13.000000 -33.800000
674 -13.000000 36.400000
675 -13.000000 -36.400000
676 -13.000000 39.000000
677 -13.000000 -39.000000
678 -13.000000 41.600000
679 -13.000000 -41.600000
680 -13.000000 44.200000
681 -13.000000 -44.200000
682 -13.000000 46.800000
683 -13.000000 -46.800000
684 -13.000000 49.400000
685 -13.000000 -49.400000
686 -13.000000 52.000000
687 -13.000000 -52.000000
688 -13.000000 54.600000
689 -13.000000 -54.600000
690 -13.000000 57.200000
691 -13.000000 -57.200000
692 -13.000000 59.800000
693 -13.000000 -59.800000
694 -13.000000 62.400000
695 -13.000000 -62.400000
696 -13.000000 65.000000
697 -13.000000 -65.000000
698 -13.000000 67.600000
699 -13.000000 -67.600000
700 -13.000000 70.200000
701 -13.000000 -70.200000
702 -13.000000 72.800000
703 -13.000000 -72.800000
704 -13.000000 75.400000
705 -13.000000 -75.400000
706 -13.000000 78.000000
707 -13.000000 -78.000000
708 -13.000000 80.600000
709 -13.000000 -80.600000
710 -13.000000 83.200000
711 -13.000000 -83.200000
712 -13.000000 85.800000
713 -13.000000 -85.800000
714 15.600000 0.000000
715 15.600000 2.600000
716 15.600000 -2.600000
717 15.600000 5.200000
718 15.600000 -5.200000
719 15.600000 7.800000
720 15.600000 -7.800000
721 15.600000 10.400000
722 15.600000 -10.400000
723 15.600000 13.000000
724 15.600000 -13.000000
725 15.600000 15.600000
726 15.600000 -15.600000
727 15.600000 18.200000
728 15.600000 -18.200000
729 15.600000 20.800000
730 15.600000 -20.800000
731 15.600000 23.400000
732 15.600000 -23.400000
733 15.600000 26.000000
734 15.600000 -26.000000
735 15.600000 28.600000
736 15.600000 -28.600000
737 15.600000 31.200000
738 15.600000 -31.200000
739 15.600000 33.800000
740 15.600000 -33.800000
741 15.600000 36.400000
742 15.600000 -36.400000
743 15.600000 39.000000
744 15.600000 -39.000000
745 15.600000 41.600000
746 15.600000 -41.600000
747 15.600000 44.200000
748 15.600000 -44.200000
749 15.600000 46.800000
750 15.600000 -46.800000
751 15.600000 49.400000
752 15.600000 -49.400000
753 15.600000 52.000000
754 15.600000 -52.000000
755 15.600000 54.600000
756 15.600000 -54.600000
757 15.600000 57.200000
758 15.600000 -57.200000
759 15.600000 59.800000
760 15.600000 -59.800000
761 15.600000 62.400000
762 15.600000 -62.400000
763 15.600000 65.000000
764 15.600000 -65.000000
765 15.600000 67.600000
766 15.600000 -67.600000
767 15.600000 70.200000
768 15.600000 -70.200000
769 15.600000 72.800000
770 15.600000 -72.800000
771 15.600000 75.400000
772 15.600000 -75.400000
773 15.600000 78.000000
774 15.600000 -78.000000
775 15.600000 80.600000
776 15.600000 -80.600000
777 15.600000 83.200000
778 15.600000 -83.200000
779 15.600000 85.800000
780 15.600000 -85.800000
781 -15.600000 0.000000
782 -15.600000 2.600000
783 -15.600000 -2.600000
784 -15.600000 5.200000
785 -15.600000 -5.200000
786 -15.600000 7.800000
787 -15.600000 -7.800000
788 -15.600000 10.400000
789 -15.600000 -10.400000
790 -15.600000 13.000000
791 -15.600000 -13.000000
792 -15.600000 15.600000
793 -15.600000 -15.600000
794 -15.600000 18.200000
795 -15.600000 -18.200000
796 -15.600000 20.800000
797 -15.600000 -20.800000
798 -15.600000 23.400000
799 -15.600000 -23.400000
800 -15.600000 26.000000
801 -15.600000 -26.000000
802 -15.600000 28.600000
803 -15.600000 -28.600000
804 -15.600000 31.200000
805 -15.600000 -31.200000
806 -15.600000 33.800000
807 -15.600000 -33.800000
808 -15.600000 36.400000
809 -15.600000 -36.400000
810 -15.600000 39.000000
811 -15.600000 -39.000000
812 -15.600000 41.600000
813 -15.600000 -41.600000
814 -15.600000 44.200000
815 -15.600000 -44.200000
816 -15.600000 46.800000
817 -15.600000 -46.800000
818 -15.600000 49.400000
819 -15.600000 -49.400000
820 -15.600000 52.000000
821 -15.600000 -52.000000
822 -15.600000 54.600000
823 -15.600000 -54.600000
824 -15.600000 57.200000
825 -15.600000 -57.200000
826 -15.600000 59.800000
827 -15.600000 -59.800000
828 -15.600000 62.400000
829 -15.600000 -62.400000
830 -15.600000 65.000000
831 -15.600000 -65.000000
832 -15.600000 67.600000
833 -15.600000 -67.600000
834 -15.600000 70.200000
835 -15.600000 -70.200000
836 -15.600000 72.800000
837 -15.600000 -72.800000
838 -15.600000 75.400000
839 -15.600000 -75.400000
840 -15.600000 78.000000
841 -15.600000 -78.000000
842 -15.600000 80.600000
843 -15.600000 -80.600000
844 -15.600000 83.200000
845 -15.600000 -83.200000
846 -15.600000 85.800000
847 -15.600000 -85.800000
848 18.200000 0.000000
849 18.200000 2.600000
850 18.200000 -2.600000
851 18.200000 5.200000
852 18.200000 -5.200000
853 18.200000 7.800000
854 18.200000 -7.800000
855 18.200000 10.400000
856 18.200000 -10.400000
857 18.200000 13.000000
858 18.200000 -13.000000
859 18.200000 15.600000
860 18.200000 -15.600000
861 18.200000 18.200000
862 18.200000 -18.200000
863 18.200000 20.800000
864 18.200000 -20.800000
865 18.200000 23.400000
866 18.200000 -23.400000
867 18.200000 26.000000
868 18.200000 -26.000000
869 18.200000 28.600000
870 18.200000 -28.600000
871 18.200000 31.200000
872 18.200000 -31.200000
873 18.200000 33.800000
874 18.200000 -33.800000
875 18.200000 36.400000
876 18.200000 -36.400000
877 18.200000 39.000000
878 18.200000 -39.000000
879 18.200000 41.600000
880 18.200000 -41.600000
881 18.200000 44.200000
882 18.200000 -44.200000
883 18.200000 46.800000
884 18.200000 -46.800000
885 18.200000 49.400000
886 18.200000 -49.400000
887 18.200000 52.000000
888 18.200000 -52.000000
889 18.200000 54.600000
890 18.200000 -54.600000
891 18.200000 57.200000
892 18.200000 -57.200000
893 18.200000 59.800000
894 18.200000 -59.800000
895 18.200000 62.400000
896 18.200000 -62.400000
897 18.200000 65.000000
898 18.200000 -65.000000
899 18.200000 67.600000
900 18.200000 -67.600000
901 18.200000 70.200000
902 18.200000 -70.200000
903 18.200000 72.800000
904 18.200000 -72.800000
905 18.200000 75.400000
906 18.200000 -75.400000
907 18.200000 78.000000
908 18.200000 -78.000000
909 18.200000 80.600000
910 18.200000 -80.600000
911 18.200000 83.200000
912 18.200000 -83.200000
913 18.200000 85.800000
914 18.200000 -85.800000
915 -18.200000 0.000000
916 -18.200000 2.600000
917 -18.200000 -2.600000
918 -18.200000 5.200000
919 -18.200000 -5.200000
920 -18.200000 7.800000
921 -18.200000 -7.800000
922 -18.200000 10.400000
923 -18.200000 -10.400000
924 -18.200000 13.000000
925 -18.200000 -13.000000
926 -18.200000 15.600000
927 -18.200000 -15.600000
928 -18.200000 18.200000
929 -18.200000 -18.200000
930 -18.200000 20.800000
931 -18.200000 -20.800000
932 -18.200000 23.400000
933 -18.200000 -23.400000
934 -18.200000 26.000000
935 -18.200000 -26.000000
936 -18.200000 28.600000
937 -18.200000 -28.600000
938 -18.200000 31.200000
939 -18.200000 -31.200000
940 -18.200000 33.800000
941 -18.200000 -33.800000
942 -18.200000 36.400000
943 -18.200000 -36.400000
944 -18.200000 39.000000
945 -18.200000 -39.000000
946 -18.200000 41.600000
947 -18.200000 -41.600000
948 -18.200000 44.200000
949 -18.200000 -44.200000
950 -18.200000 46.800000
951 -18.200000 -46.800000
952 -18.200000 49.400000
953 -18.200000 -49.400000
954 -18.200000 52.000000
955 -18.200000 -52.000000
956 -18.200000 54.600000
957 -18.200000 -54.600000
958 -18.200000 57.200000
959 -18.200000 -57.200000
960 -18.200000 59.800000
961 -18.200000 -59.800000
962 -18.200000 62.400000
963 -18.200000 -62.400000
964 -18.200000 65.000000
965 -18.200000 -65.000000
966 -18.200000 67.600000
967 -18.200000 -67.600000
968 -18.200000 70.200000
969 -18.200000 -70.200000
970 -18.200000 72.800000
971 -18.200000 -72.800000
972 -18.200000 75.400000
973 -18.200000 -75.400000
974 -18.200000 78.000000
975 -18.200000 -78.000000
976 -18.200000 80.600000
977 -18.200000 -80.600000
978 -18.200000 83.200000
979 -18.200000 -83.200000
980 -18.200000 85.800000
981 -18.200000 -85.800000
982 20.800000 0.000000
983 20.800000 2.600000
984 20.800000 -2.600000
985 20.800000 5.200000
986 20.800000 -5.200000
987 20.800000 7.800000
988 20.800000 -7.800000
989 20.800000 10.400000
990 20.800000 -10.400000
991 20.800000 13.000000
992 20.800000 -13.000000
993 20.800000 15.600000
994 20.800000 -15.600000
995 20.800000 18.200000
996 20.800000 -18.200000
997 20.800000 20.800000
998 20.800000 -20.800000
999 20.800000 23.400000
1000 20.800000 -23.400000
1001 20.800000 26.000000
1002 20.800000 -26.000000
1003 20.800000 28.600000
1004 20.800000 -28.600000
1005 20.800000 31.200000
1006 20.800000 -31.200000
1007 20.800000 33.800000
1008 20.800000 -33.800000
1009 20.800000 36.400000
1010 20.800000 -36.400000
1011 20.800000 39.000000
1012 20.800000 -39.000000
1013 20.800000 41.600000
1014 20.800000 -41.600000
1015 20.800000 44.200000
1016 20.800000 -44.200000
1017 20.800000 46.800000
1018 20.800000 -46.800000
1019 20.800000 49.400000
1020 20.800000 -49.400000
1021 20.800000 52.000000
1022 20.800000 -52.000000
1023 20.800000 54.600000
1024 20.800000 -54.600000
1025 20.800000 57.200000
1026 20.800000 -57.200000
1027 20.800000 59.800000
1028 20.800000 -59.800000
1029 20.800000 62.400000
1030 20.800000 -62.400000
1031 20.800000 65.000000
1032 20.800000 -65.000000
1033 20.800000 67.600000
1034 20.800000 -67.600000
1035 20.800000 70.200000
1036 20.800000 -70.200000
1037 20.800000 72.800000
1038 20.800000 -72.800000
1039 20.800000 75.400000
1040 20.800000 -75.400000
1041 20.800000 78.000000
1042 20.800000 -78.000000
1043 20.800000 80.600000
1044 20.800000 -80.600000
1045 20.800000 83.200000
1046 20.800000 -83.200000
1047 20.800000 85.800000
1048 20.800000 -85.800000
1049 -20.800000 0.000000
1050 -20.800000 2.600000
1051 -20.800000 -2.600000
1052 -20.800000 5.200000
1053 -20.800000 -5.200000
1054 -20.800000 7.800000
1055 -20.800000 -7.800000
1056 -20.800000 10.400000
1057 -20.800000 -10.400000
1058 -20.800000 13.000000
1059 -20.800000 -13.000000
1060 -20.800000 15.600000
1061 -20.800000 -15.600000
1062 -20.800000 18.200000
1063 -20.800000 -18.200000
1064 -20.800000 20.800000
1065 -20.800000 -20.800000
1066 -20.800000 23.400000
1067 -20.800000 -23.400000
1068 -20.800000 26.000000
1069 -20.800000 -26.000000
1070 -20.800000 28.600000
1071 -20.800000 -28.600000
1072 -20.800000 31.200000
1073 -20.800000 -31.200000
1074 -20.800000 33.800000
1075 -20.800000 -33.800000
1076 -20.800000 36.400000
1077 -20.800000 -36.400000
1078 -20.800000 39.000000
1079 -20.800000 -39.000000
1080 -20.800000 41.600000
1081 -20.800000 -41.600000
1082 -20.800000 44.200000
1083 -20.800000 -44.200000
1084 -20.800000 46.800000
1085 -20.800000 -46.800000
1086 -20.800000 49.400000
1087 -20.800000 -49.400000
1088 -20.800000 52.000000
1089 -20.800000 -52.000000
1090 -20.800000 54.600000
1091 -20.800000 -54.600000
1092 -20.800000 57.200000
1093 -20.800000 -57.200000
1094 -20.800000 59.800000
1095 -20.800000 -59.800000
1096 -20.800000 62.400000
1097 -20.800000 -62.400000
1098 -20.800000 65.000000
1099 -20.800000 -65.000000
1100 -20.800000 67.600000
1101 -20.800000 -67.600000
1102 -20.800000 70.200000
1103 -20.800000 -70.200000
1104 -20.800000 72.800000
1105 -20.800000 -72.800000
1106 -20.800000 75.400000
1107 -20.800000 -75.400000
1108 -20.800000 78.000000
1109 -20.800000 -78.000000
1110 -20.800000 80.600000
1111 -20.800000 -80.600000
1112 -20.800000 83.200000
1113 -20.800000 -83.200000
1114 -20.800000 85.800000
1115 -20.800000 -85.800000
1116 23.400000 0.000000
1117 23.400000 2.600000
1118 23.400000 -2.600000
1119 23.400000 5.200000
1120 23.400000 -5.200000
1121 23.400000 7.800000
1122 23.400000 -7.800000
1123 23.400000 10.400000
1124 23.400000 -10.400000
1125 23.400000 13.000000
1126 23.400000 -13.000000
1127 23.400000 15.600000
1128 23.400000 -15.600000
1129 23.400000 18.200000
1130 23.400000 -18.200000
1131 23.400000 20.800000
1132 23.400000 -20.800000
1133 23.400000 23.400000
1134 23.400000 -23.400000
1135 23.400000 26.000000
1136 23.400000 -26.000000
1137 23.400000 28.600000
1138 23.400000 -28.600000
1139 23.400000 31.200000
1140 23.400000 -31.200000
1141 23.400000 33.800000
1142 23.400000 -33.800000
1143 23.400000 36.400000
1144 23.400000 -36.400000
1145 23.400000 39.000000
1146 23.400000 -39.000000
1147 23.400000 41.600000
1148 23.400000 -41.600000
1149 23.400000 44.200000
1150 23.400000 -44.200000
1151 23.400000 46.800000
1152 23.400000 -46.800000
1153 23.400000 49.400000
1154 23.400000 -49.400000
1155 23.400000 52.000000
1156 23.400000 -52.000000
1157 23.400000 54.600000
1158 23.400000 -54.600000
1159 23.400000 57.200000
1160 23.400000 -57.200000
1161 23.400000 59.800000
1162 23.400000 -59.800000
1163 23.400000 62.400000
1164 23.400000 -62.400000
1165 23.400000 65.000000
1166 23.400000 -65.000000
1167 23.400000 67.600000
1168 23.400000 -67.600000
1169 23.400000 70.200000
1170 23.400000 -70.200000
1171 23.400000 72.800000
1172 23.400000 -72.800000
1173 23.400000 75.400000
1174 23.400000 -75.400000
1175 23.400000 78.000000
1176 23.400000 -78.000000
1177 23.400000 80.600000
1178 23.400000 -80.600000
1179 23.400000 83.200000
1180 23.400000 -83.200000
1181 23.400000 85.800000
1182 23.400000 -85.800000
1183 -23.400000 0.000000
1184 -23.400000 2.600000
1185 -23.400000 -2.600000
1186 -23.400000 5.200000
1187 -23.400000 -5.200000
1188 -23.400000 7.800000
1189 -23.400000 -7.800000
1190 -23.400000 10.400000
1191 -23.400000 -10.400000
1192 -23.400000 13.000000
1193 -23.400000 -13.000000
1194 -23.400000 15.600000
1195 -23.400000 -15.600000
1196 -23.400000 18.200000
1197 -23.400000 -18.200000
1198 -23.400000 20.800000
1199 -23.400000 -20.800000
1200 -23.400000 23.400000
1201 -23.400000 -23.400000
1202 -23.400000 26.000000
1203 -23.400000 -26.000000
1204 -23.400000 28.600000
1205 -23.400000 -28.600000
1206 -23.400000 31.200000
1207 -23.400000 -31.200000
1208 -23.400000 33.800000
1209 -23.400000 -33.800000
1210 -23.400000 36.400000
1211 -23.400000 -36.400000
1212 -23.400000 39.000000
1213 -23.400000 -39.000000
1214 -23.400000 41.600000
1215 -23.400000 -41.600000
1216 -23.400000 44.200000
1217 -23.400000 -44.200000
1218 -23.400000 46.800000
1219 -23.400000 -46.800000
1220 -23.400000 49.400000
1221 -23.400000 -49.400000
1222 -23.400000 52.000000
1223 -23.400000 -52.000000
1224 -23.400000 54.600000
1225 -23.400000 -54.600000
1226 -23.400000 57.200000
1227 -23.400000 -57.200000
1228 -23.400000 59.800000
1229 -23.400000 -59.800000
1230 -23.400000 62.400000
1231 -23.400000 -62.400000
1232 -23.400000 65.000000
1233 -23.400000 -65.000000
1234 -23.400000 67.600000
1235 -23.400000 -67.600000
1236 -23.400000 70.200000
1237 -23.400000 -70.200000
1238 -23.400000 72.800000
1239 -23.400000 -72.800000
1240 -23.400000 75.400000
1241 -23.400000 -75.400000
1242 -23.400000 78.000000
1243 -23.400000 -78.000000
1244 -23.400000 80.600000
1245 -23.400000 -80.600000
1246 -23.400000 83.200000
1247 -23.400000 -83.200000
1248 -23.400000 85.800000
1249 -23.400000 -85.800000
1250 26.000000 0.000000
1251 26.000000 2.600000
1252 26.000000 -2.600000
1253 26.000000 5.200000
1254 26.000000 -5.200000
1255 26.000000 7.800000
1256 26.000000 -7.800000
1257 26.000000 10.400000
1258 26.000000 -10.400000
1259 26.000000 13.000000
1260 26.000000 -13.000000
1261 26.000000 15.600000
1262 26.000000 -15.600000
1263 26.000000 18.200000
1264 26.000000 -18.200000
1265 26.000000 20.800000
1266 26.000000 -20.800000
1267 26.000000 23.400000
1268 26.000000 -23.400000
1269 26.000000 26.000000
1270 26.000000 -26.000000
1271 26.000000 28.600000
1272 26.000000 -28.600000
1273 26.000000 31.200000
1274 26.000000 -31.200000
1275 26.000000 33.800000
1276 26.000000 -33.800000
1277 26.000000 36.400000
1278 26.000000 -36.400000
1279 26.000000 39.000000
1280 26.000000 -39.000000
1281 26.000000 41.600000
1282 26.000000 -41.600000
1283 26.000000 44.200000
1284 26.000000 -44.200000
1285 26.000000 46.800000
1286 26.000000 -46.800000
1287 26.000000 49.400000
1288 26.000000 -49.400000
1289 26.000000 52.000000
1290 26.000000 -52.000000
1291 26.000000 54.600000
1292 26.000000 -54.600000
1293 26.000000 57.200000
1294 26.000000 -57.200000
1295 26.000000 59.800000
1296 26.000000 -59.800000
1297 26.000000 62.400000
1298 26.000000 -62.400000
1299 26.000000 65.000000
1300 26.000000 -65.000000
1301 26.000000 67.600000
1302 26.000000 -67.600000
1303 26.000000 70.200000
1304 26.000000 -70.200000
1305 26.000000 72.800000
1306 26.000000 -72.800000
1307 26.000000 75.400000
1308 26.000000 -75.400000
1309 26.000000 78.000000
1310 26.000000 -78.000000
1311 26.000000 80.600000
1312 26.000000 -80.600000
1313 26.000000 83.200000
1314 26.000000 -83.200000
1315 -26.000000 0.000000
1316 -26.000000 2.600000
1317 -26.000000 -2.600000
1318 -26.000000 5.200000
1319 -26.000000 -5.200000
1320 -26.000000 7.800000
1321 -26.000000 -7.800000
1322 -26.000000 10.400000
1323 -26.000000 -10.400000
1324 -26.000000 13.000000
1325 -26.000000 -13.000000
1326 -26.000000 15.600000
1327 -26.000000 -15.600000
1328 -26.000000 18.200000
1329 -26.000000 -18.200000
1330 -26.000000 20.800000
1331 -26.000000 -20.800000
1332 -26.000000 23.400000
1333 -26.000000 -23.400000
1334 -26.000000 26.000000
1335 -26.000000 -26.000000
1336 -26.000000 28.600000
1337 -26.000000 -28.600000
1338 -26.000000 31.200000
1339 -26.000000 -31.200000
1340 -26.000000 33.800000
1341 -26.000000 -33.800000
1342 -26.000000 36.400000
1343 -26.000000 -36.400000
1344 -26.000000 39.000000
1345 -26.000000 -39.000000
1346 -26.000000 41.600000
1347 -26.000000 -41.600000
1348 -26.000000 44.200000
1349 -26.000000 -44.200000
1350 -26.000000 46.800000
1351 -26.000000 -46.800000
1352 -26.000000 49.400000
1353 -26.000000 -49.400000
1354 -26.000000 52.000000
1355 -26.000000 -52.000000
1356 -26.000000 54.600000
1357 -26.000000 -54.600000
1358 -26.000000 57.200000
1359 -26.000000 -57.200000
1360 -26.000000 59.800000
1361 -26.000000 -59.800000
1362 -26.000000 62.400000
1363 -26.000000 -62.400000
1364 -26.000000 65.000000
1365 -26.000000 -65.000000
1366 -26.000000 67.600000
1367 -26.000000 -67.600000
1368 -26.000000 70.200000
1369 -26.000000 -70.200000
1370 -26.000000 72.800000
1371 -26.000000 -72.800000
1372 -26.000000 75.400000
1373 -26.000000 -75.400000
1374 -26.000000 78.000000
1375 -26.000000 -78.000000
1376 -26.000000 80.600000
1377 -26.000000 -80.600000
1378 -26.000000 83.200000
1379 -26.000000 -83.200000
1380 28.600000 0.000000
1381 28.600000 2.600000
1382 28.600000 -2.600000
1383 28.600000 5.200000
1384 28.600000 -5.200000
1385 28.600000 7.800000
1386 28.600000 -7.800000
1387 28.600000 10.400000
1388 28.600000 -10.400000
1389 28.600000 13.000000
1390 28.600000 -13.000000
1391 28.600000 15.600000
1392 28.600000 -15.600000
1393 28.600000 18.200000
1394 28.600000 -18.200000
1395 28.600000 20.800000
1396 28.600000 -20.800000
1397 28.600000 23.400000
1398 28.600000 -23.400000
1399 28.600000 26.000000
1400 28.600000 -26.000000
1401 28.600000 28.600000
1402 28.600000 -28.600000
1403 28.600000 31.200000
1404 28.600000 -31.200000
1405 28.600000 33.800000
1406 28.600000 -33.800000
1407 28.600000 36.400000
1408 28.600000 -36.400000
1409 28.600000 39.000000
1410 28.600000 -39.000000
1411 28.600000 41.600000
1412 28.600000 -41.600000
1413 28.600000 44.200000
1414 28.600000 -44.200000
1415 28.600000 46.800000
1416 28.600000 -46.800000
1417 28.600000 49.400000
1418 28.600000 -49.400000
1419 28.600000 52.000000
1420 28.600000 -52.000000
1421 28.600000 54.600000
1422 28.600000 -54.600000
1423 28.600000 57.200000
1424 28.600000 -57.200000
1425 28.600000 59.800000
1426 28.600000 -59.800000
1427 28.600000 62.400000
1428 28.600000 -62.400000
1429 28.600000 65.000000
1430 28.600000 -65.000000
1431 28.600000 67.600000
1432 28.600000 -67.600000
1433 28.600000 70.200000
1434 28.600000 -70.200000
1435 28.600000 72.800000
1436 28.600000 -72.800000
1437 28.600000 75.400000
1438 28.600000 -75.400000
1439 28.600000 78.000000
1440 28.600000 -78.000000
1441 28.600000 80.600000
1442 28.600000 -80.600000
1443 28.600000 83.200000
1444 28.600000 -83.200000
1445 -28.600000 0.000000
1446 -28.600000 2.600000
1447 -28.600000 -2.600000
1448 -28.600000 5.200000
1449 -28.600000 -5.200000
1450 -28.600000 7.800000
1451 -28.600000 -7.800000
1452 -28.600000 10.400000
1453 -28.600000 -10.400000
1454 -28.600000 13.000000
1455 -28.600000 -13.000000
1456 -28.600000 15.600000
1457 -28.600000 -15.600000
1458 -28.600000 18.200000
1459 -28.600000 -18.200000
1460 -28.600000 20.800000
1461 -28.600000 -20.800000
1462 -28.600000 23.400000
1463 -28.600000 -23.400000
1464 -28.600000 26.000000
1465 -28.600000 -26.000000
1466 -28.600000 28.600000
1467 -28.600000 -28.600000
1468 -28.600000 31.200000
1469 -28.600000 -31.200000
1470 -28.600000 33.800000
1471 -28.600000 -33.800000
1472 -28.600000 36.400000
1473 -28.600000 -36.400000
1474 -28.600000 39.000000
1475 -28.600000 -39.000000
1476 -28.600000 41.600000
1477 -28.600000 -41.600000
1478 -28.600000 44.200000
1479 -28.600000 -44.200000
1480 -28.600000 46.800000
1481 -28.600000 -46.800000
1482 -28.600000 49.400000
1483 -28.600000 -49.400000
1484 -28.600000 52.000000
1485 -28.600000 -52.000000
1486 -28.600000 54.600000
1487 -28.600000 -54.600000
1488 -28.600000 57.200000
1489 -28.600000 -57.200000
1490 -28.600000 59.800000
1491 -28.600000 -59.800000
1492 -28.600000 62.400000
1493 -28.600000 -62.400000
1494 -28.600000 65.000000
1495 -28.600000 -65.000000
1496 -28.600000 67.600000
1497 -28.600000 -67.600000
1498 -28.600000 70.200000
1499 -28.600000 -70.200000
1500 -28.600000 72.800000
1501 -28.600000 -72.800000
1502 -28.600000 75.400000
1503 -28.600000 -75.400000
1504 -28.600000 78.000000
1505 -28.600000 -78.000000
1506 -28.600000 80.600000
1507 -28.600000 -80.600000
1508 -28.600000 83.200000
1509 -28.600000 -83.200000
1510 31.200000 0.000000
1511 31.200000 2.600000
1512 31.200000 -2.600000
1513 31.200000 5.200000
1514 31.200000 -5.200000
1515 31.200000 7.800000
1516 31.200000 -7.800000
1517 31.200000 10.400000
1518 31.200000 -10.400000
1519 31.200000 13.000000
1520 31.200000 -13.000000
1521 31.200000 15.600000
1522 31.200000 -15.600000
1523 31.200000 18.200000
1524 31.200000 -18.200000
1525 31.200000 20.800000
1526 31.200000 -20.800000
1527 31.200000 23.400000
1528 31.200000 -23.400000
1529 31.200000 26.000000
1530 31.200000 -26.000000
1531 31.200000 28.600000
1532 31.200000 -28.600000
1533 31.200000 31.200000
1534 31.200000 -31.200000
1535 31.200000 33.800000
1536 31.200000 -33.800000
1537 31.200000 36.400000
1538 31.200000 -36.400000
1539 31.200000 39.000000
1540 31.200000 -39.000000
1541 31.200000 41.600000
1542 31.200000 -41.600000
1543 31.200000 44.200000
1544 31.200000 -44.200000
1545 31.200000 46.800000
1546 31.200000 -46.800000
1547 31.200000 49.400000
1548 31.200000 -49.400000
1549 31.200000 52.000000
1550 31.200000 -52.000000
1551 31.200000 54.600000
1552 31.200000 -54.600000
1553 31.200000 57.200000
1554 31.200000 -57.200000
1555 31.200000 59.800000
1556 31.200000 -59.800000
1557 31.200000 62.400000
1558 31.200000 -62.400000
1559 31.200000 65.000000
1560 31.200000 -65.000000
1561 31.200000 67.600000
1562 31.200000 -67.600000
1563 31.200000 70.200000
1564 31.200000 -70.200000
1565 31.200000 72.800000
1566 31.200000 -72.800000
1567 31.200000 75.400000
1568 31.200000 -75.400000
1569 31.200000 78.000000
1570 31.200000 -78.000000
1571 31.200000 80.600000
1572 31.200000 -80.600000
1573 31.200000 83.200000
1574 31.200000 -83.200000
1575 -31.200000 0.000000
1576 -31.200000 2.600000
1577 -31.200000 -2.600000
1578 -31.200000 5.200000
1579 -31.200000 -5.200000
1580 -31.200000 7.800000
1581 -31.200000 -7.800000
1582 -31.200000 10.400000
1583 -31.200000 -10.400000
1584 -31.200000 13.000000
1585 -31.200000 -13.000000
1586 -31.200000 15.600000
1587 -31.200000 -15.600000
1588 -31.200000 18.200000
1589 -31.200000 -18.200000
1590 -31.200000 20.800000
1591 -31.200000 -20.800000
1592 -31.200000 23.400000
1593 -31.200000 -23.400000
1594 -31.200000 26.000000
1595 -31.200000 -26.000000
1596 -31.200000 28.600000
1597 -31.200000 -28.600000
1598 -31.200000 31.200000
1599 -31.200000 -31.200000
1600 -31.200000 33.800000
1601 -31.200000 -33.800000
1602 -31.200000 36.400000
1603 -31.200000 -36.400000
1604 -31.200000 39.000000
1605 -31.200000 -39.000000
1606 -31.200000 41.600000
1607 -31.200000 -41.600000
1608 -31.200000 44.200000
1609 -31.200000 -44.200000
1610 -31.200000 46.800000
1611 -31.200000 -46.800000
1612 -31.200000 49.400000
1613 -31.200000 -49.400000
1614 -31.200000 52.000000
1615 -31.200000 -52.000000
1616 -31.200000 54.600000
1617 -31.200000 -54.600000
1618 -31.200000 57.200000
1619 -31.200000 -57.200000
1620 -31.200000 59.800000
1621 -31.200000 -59.800000
1622 -31.200000 62.400000
1623 -31.200000 -62.400000
1624 -31.200000 65.000000
1625 -31.200000 -65.000000
1626 -31.200000 67.600000
1627 -31.200000 -67.600000
1628 -31.200000 70.200000
1629 -31.200000 -70.200000
1630 -31.200000 72.800000
1631 -31.200000 -72.800000
1632 -31.200000 75.400000
1633 -31.200000 -75.400000
1634 -31.200000 78.000000
1635 -31.200000 -78.000000
1636 -31.200000 80.600000
1637 -31.200000 -80.600000
1638 -31.200000 83.200000
1639 -31.200000 -83.200000
1640 33.800000 0.000000
1641 33.800000 2.600000
1642 33.800000 -2.600000
1643 33.800000 5.200000
1644 33.800000 -5.200000
1645 33.800000 7.800000
1646 33.800000 -7.800000
1647 33.800000 10.400000
1648 33.800000 -10.400000
1649 33.800000 13.000000
1650 33.800000 -13.000000
1651 33.800000 15.600000
1652 33.800000 -15.600000
1653 33.800000 18.200000
1654 33.800000 -18.200000
1655 33.800000 20.800000
1656 33.800000 -20.800000
1657 33.800000 23.400000
1658 33.800000 -23.400000
1659 33.800000 26.000000
1660 33.800000 -26.000000
1661 33.800000 28.600000
1662 33.800000 -28.600000
1663 33.800000 31.200000
1664 33.800000 -31.200000
1665 33.800000 33.800000
1666 33.800000 -33.800000
1667 33.800000 36.400000
1668 33.800000 -36.400000
1669 33.800000 39.000000
1670 33.800000 -39.000000
1671 33.800000 41.600000
1672 33.800000 -41.600000
1673 33.800000 44.200000
1674 33.800000 -44.200000
1675 33.800000 46.800000
1676 33.800000 -46.800000
1677 33.800000 49.400000
1678 33.800000 -49.400000
1679 33.800000 52.000000
1680 33.800000 -52.000000
1681 33.800000 54.600000
1682 33.800000 -54.600000
1683 33.800000 57.200000
1684 33.800000 -57.200000
1685 33.800000 59.800000
1686 33.800000 -59.800000
1687 33.800000 62.400000
1688 33.800000 -62.400000
1689 33.800000 65.000000
1690 33.800000 -65.000000
1691 33.800000 67.600000
1692 33.800000 -67.600000
1693 33.800000 70.200000
1694 33.800000 -70.200000
1695 33.800000 72.800000
1696 33.800000 -72.800000
1697 33.800000 75.400000
1698 33.800000 -75.400000
1699 33.800000 78.000000
1700 33.800000 -78.000000
1701 33.800000 80.600000
1702 33.800000 -80.600000
1703 -33.800000 0.000000
1704 -33.800000 2.600000
1705 -33.800000 -2.600000
1706 -33.800000 5.200000
1707 -33.800000 -5.200000
1708 -33.800000 7.800000
1709 -33.800000 -7.800000
1710 -33.800000 10.400000
1711 -33.800000 -10.400000
1712 -33.800000 13.000000
1713 -33.800000 -13.000000
1714 -33.800000 15.600000
1715 -33.800000 -15.600000
1716 -33.800000 18.200000
1717 -33.800000 -18.200000
1718 -33.800000 20.800000
1719 -33.800000 -20.800000
1720 -33.800000 23.400000
1721 -33.800000 -23.400000
1722 -33.800000 26.000000
1723 -33.800000 -26.000000
1724 -33.800000 28.600000
1725 -33.800000 -28.600000
1726 -33.800000 31.200000
1727 -33.800000 -31.200000
1728 -33.800000 33.800000
1729 -33.800000 -33.800000
1730 -33.800000 36.400000
1731 -33.800000 -36.400000
1732 -33.800000 39.000000
1733 -33.800000 -39.000000
1734 -33.800000 41.600000
1735 -33.800000 -41.600000
1736 -33.800000 44.200000
1737 -33.800000 -44.200000
1738 -33.800000 46.800000
1739 -33.800000 -46.800000
1740 -33.800000 49.400000
1741 -33.800000 -49.400000
1742 -33.800000 52.000000
1743 -33.800000 -52.000000
1744 -33.800000 54.600000
1745 -33.800000 -54.600000
1746 -33.800000 57.200000
1747 -33.800000 -57.200000
1748 -33.800000 59.800000
1749 -33.800000 -59.800000
1750 -33.800000 62.400000
1751 -33.800000 -62.400000
1752 -33.800000 65.000000
1753 -33.800000 -65.000000
1754 -33.800000 67.600000
1755 -33.800000 -67.600000
1756 -33.800000 70.200000
1757 -33.800000 -70.200000
1758 -33.800000 72.800000
1759 -33.800000 -72.800000
1760 -33.800000 75.400000
1761 -33.800000 -75.400000
1762 -33.800000 78.000000
1763 -33.800000 -78.000000
1764 -33.800000 80.600000
1765 -33.800000 -80.600000
1766 36.400000 0.000000
1767 36.400000 2.600000
1768 36.400000 -2.600000
1769 36.400000 5.200000
1770 36.400000 -5.200000
1771 36.400000 7.800000
1772 36.400000 -7.800000
1773 36.400000 10.400000
1774 36.400000 -10.400000
1775 36.400000 13.000000
1776 36.400000 -13.000000
1777 36.400000 15.600000
1778 36.400000 -15.600000
1779 36.400000 18.200000
1780 36.400000 -18.200000
1781 36.400000 20.800000
1782 36.400000 -20.800000
1783 36.400000 23.400000
1784 36.400000 -23.400000
1785 36.400000 26.000000
1786 36.400000 -26.000000
1787 36.400000 28.600000
1788 36.400000 -28.600000
1789 36.400000 31.200000
1790 36.400000 -31.200000
1791 36.400000 33.800000
1792 36.400000 -33.800000
1793 36.400000 36.400000
1794 36.400000 -36.400000
1795 36.400000 39.000000
1796 36.400000 -39.000000
1797 36.400000 41.600000
1798 36.400000 -41.600000
1799 36.400000 44.200000
1800 36.400000 -44.200000
1801 36.400000 46.800000
1802 36.400000 -46.800000
1803 36.400000 49.400000
1804 36.400000 -49.400000
1805 36.400000 52.000000
1806 36.400000 -52.000000
1807 36.400000 54.600000
1808 36.400000 -54.600000
1809 36.400000 57.200000
1810 36.400000 -57.200000
1811 36.400000 59.800000
1812 36.400000 -59.800000
1813 36.400000 62.400000
1814 36.400000 -62.400000
1815 36.400000 65.000000
1816 36.400000 -65.000000
1817 36.400000 67.600000
1818 36.400000 -67.600000
1819 36.400000 70.200000
1820 36.400000 -70.200000
1821 36.400000 72.800000
1822 36.400000 -72.800000
1823 36.400000 75.400000
1824 36.400000 -75.400000
1825 36.400000 78.000000
1826 36.400000 -78.000000
1827 36.400000 80.600000
1828 36.400000 -80.600000
1829 -36.400000 0.000000
1830 -36.400000 2.600000
1831 -36.400000 -2.600000
1832 -36.400000 5.200000
1833 -36.400000 -5.200000
1834 -36.400000 7.800000
1835 -36.400000 -7.800000
1836 -36.400000 10.400000
1837 -36.400000 -10.400000
1838 -36.400000 13.000000
1839 -36.400000 -13.000000
1840 -36.400000 15.600000
1841 -36.400000 -15.600000
1842 -36.400000 18.200000
1843 -36.400000 -18.200000
1844 -36.400000 20.800000
1845 -36.400000 -20.800000
1846 -36.400000 23.400000
1847 -36.400000 -23.400000
1848 -36.400000 26.000000
1849 -36.400000 -26.000000
1850 -36.400000 28.600000
1851 -36.400000 -28.600000
1852 -36.400000 31.200000
1853 -36.400000 -31.200000
1854 -36.400000 33.800000
1855 -36.400000 -33.800000
1856 -36.400000 36.400000
1857 -36.400000 -36.400000
1858 -36.400000 39.000000
1859 -36.400000 -39.000000
1860 -36.400000 41.600000
1861 -36.400000 -41.600000
1862 -36.400000 44.200000
1863 -36.400000 -44.200000
1864 -36.400000 46.800000
1865 -36.400000 -46.800000
1866 -36.400000 49.400000
1867 -36.400000 -49.400000
1868 -36.400000 52.000000
1869 -36.400000 -52.000000
1870 -36.400000 54.600000
1871 -36.400000 -54.600000
1872 -36.400000 57.200000
1873 -36.400000 -57.200000
1874 -36.400000 59.800000
1875 -36.400000 -59.800000
1876 -36.400000 62.400000
1877 -36.400000 -62.400000
1878 -36.400000 65.000000
1879 -36.400000 -65.000000
1880 -36.400000 67.600000
1881 -36.400000 -67.600000
1882 -36.400000 70.200000
1883 -36.400000 -70.200000
1884 -36.400000 72.800000
1885 -36.400000 -72.800000
1886 -36.400000 75.400000
1887 -36.400000 -75.400000
1888 -36.400000 78.000000
1889 -36.400000 -78.000000
1890 -36.400000 80.600000
1891 -36.400000 -80.600000
1892 39.000000 0.000000
1893 39.000000 2.600000
1894 39.000000 -2.600000
1895 39.000000 5.200000
1896 39.000000 -5.200000
1897 39.000000 7.800000
1898 39.000000 -7.800000
1899 39.000000 10.400000
1900 39.000000 -10.400000
1901 39.000000 13.000000
1902 39.000000 -13.000000
1903 39.000000 15.600000
1904 39.000000 -15.600000
1905 39.000000 18.200000
1906 39.000000 -18.200000
1907 39.000000 20.800000
1908 39.000000 -20.800000
1909 39.000000 23.400000
1910 39.000000 -23.400000
1911 39.000000 26.000000
1912 39.000000 -26.000000
1913 39.000000 28.600000
1914 39.000000 -28.600000
1915 39.000000 31.200000
1916 39.000000 -31.200000
1917 39.000000 33.800000
1918 39.000000 -33.800000
1919 39.000000 36.400000
1920 39.000000 -36.400000
1921 39.000000 39.000000
1922 39.000000 -39.000000
1923 39.000000 41.600000
1924 39.000000 -41.600000
1925 39.000000 44.200000
1926 39.000000 -44.200000
1927 39.000000 46.800000
1928 39.000000 -46.800000
1929 39.000000 49.400000
1930 39.000000 -49.400000
1931 39.000000 52.000000
1932 39.000000 -52.000000
1933 39.000000 54.600000
1934 39.000000 -54.600000
1935 39.000000 57.200000
1936 39.000000 -57.200000
1937 39.000000 59.800000
1938 39.000000 -59.800000
1939 39.000000 62.400000
1940 39.000000 -62.400000
1941 39.000000 65.000000
1942 39.000000 -65.000000
1943 39.000000 67.600000
1944 39.000000 -67.600000
1945 39.000000 70.200000
1946 39.000000 -70.200000
1947 39.000000 72.800000
1948 39.000000 -72.800000
1949 39.000000 75.400000
1950 39.000000 -75.400000
1951 39.000000 78.000000
1952 39.000000 -78.000000
1953 -39.000000 0.000000
1954 -39.000000 2.600000
1955 -39.000000 -2.600000
1956 -39.000000 5.200000
1957 -39.000000 -5.200000
1958 -39.000000 7.800000
1959 -39.000000 -7.800000
1960 -39.000000 10.400000
1961 -39.000000 -10.400000
1962 -39.000000 13.000000
1963 -39.000000 -13.000000
1964 -39.000000 15.600000
1965 -39.000000 -15.600000
1966 -39.000000 18.200000
1967 -39.000000 -18.200000
1968 -39.000000 20.800000
1969 -39.000000 -20.800000
1970 -39.000000 23.400000
1971 -39.000000 -23.400000
1972 -39.000000 26.000000
1973 -39.000000 -26.000000
1974 -39.000000 28.600000
1975 -39.000000 -28.600000
1976 -39.000000 31.200000
1977 -39.000000 -31.200000
1978 -39.000000 33.800000
1979 -39.000000 -33.800000
1980 -39.000000 36.400000
1981 -39.000000 -36.400000
1982 -39.000000 39.000000
1983 -39.000000 -39.000000
1984 -39.000000 41.600000
1985 -39.000000 -41.600000
1986 -39.000000 44.200000
1987 -39.000000 -44.200000
1988 -39.000000 46.800000
1989 -39.000000 -46.800000
1990 -39.000000 49.400000
1991 -39.000000 -49.400000
1992 -39.000000 52.000000
1993 -39.000000 -52.000000
1994 -39.000000 54.600000
1995 -39.000000 -54.600000
1996 -39.000000 57.200000
1997 -39.000000 -57.200000
1998 -39.000000 59.800000
1999 -39.000000 -59.800000
2000 -39.000000 62.400000
2001 -39.000000 -62.400000
2002 -39.000000 65.000000
2003 -39.000000 -65.000000
2004 -39.000000 67.600000
2005 -39.000000 -67.600000
2006 -39.000000 70.200000
2007 -39.000000 -70.200000
2008 -39.000000 72.800000
2009 -39.000000 -72.800000
2010 -39.000000 75.400000
2011 -39.000000 -75.400000
2012 -39.000000 78.000000
2013 -39.000000 -78.000000
2014 41.600000 0.000000
2015 41.600000 2.600000
2016 41.600000 -2.600000
2017 41.600000 5.200000
2018 41.600000 -5.200000
2019 41.600000 7.800000
2020 41.600000 -7.800000
2021 41.600000 10.400000
2022 41.600000 -10.400000
2023 41.600000 13.000000
2024 41.600000 -13.000000
2025 41.600000 15.600000
2026 41.600000 -15.600000
2027 41.600000 18.200000
2028 41.600000 -18.200000
2029 41.600000 20.800000
2030 41.600000 -20.800000
2031 41.600000 23.400000
2032 41.600000 -23.400000
2033 41.600000 26.000000
2034 41.600000 -26.000000
2035 41.600000 28.600000
2036 41.600000 -28.600000
2037 41.600000 31.200000
2038 41.600000 -31.200000
2039 41.600000 33.800000
2040 41.600000 -33.800000
2041 41.600000 36.400000
2042 41.600000 -36.400000
2043 41.600000 39.000000
2044 41.600000 -39.000000
2045 41.600000 41.600000
2046 41.600000 -41.600000
2047 41.600000 44.200000
2048 41.600000 -44.200000
2049 41.600000 46.800000
2050 41.600000 -46.800000
2051 41.600000 49.400000
2052 41.600000 -49.400000
2053 41.600000 52.000000
2054 41.600000 -52.000000
2055 41.600000 54.600000
2056 41.600000 -54.600000
2057 41.600000 57.200000
2058 41.600000 -57.200000
2059 41.600000 59.800000
2060 41.600000 -59.800000
2061 41.600000 62.400000
2062 41.600000 -62.400000
2063 41.600000 65.000000
2064 41.600000 -65.000000
2065 41.600000 67.600000
2066 41.600000 -67.600000
2067 41.600000 70.200000
2068 41.600000 -70.200000
2069 41.600000 72.800000
2070 41.600000 -72.800000
2071 41.600000 75.400000
2072 41.600000 -75.400000
2073 41.600000 78.000000
2074 41.600000 -78.000000
2075 -41.600000 0.000000
2076 -41.600000 2.600000
2077 -41.600000 -2.600000
2078 -41.600000 5.200000
2079 -41.600000 -5.200000
2080 -41.600000 7.800000
2081 -41.600000 -7.800000
2082 -41.600000 10.400000
2083 -41.600000 -10.400000
2084 -41.600000 13.000000
2085 -41.600000 -13.000000
2086 -41.600000 15.600000
2087 -41.600000 -15.600000
2088 -41.600000 18.200000
2089 -41.600000 -18.200000
2090 -41.600000 20.800000
2091 -41.600000 -20.800000
2092 -41.600000 23.400000
2093 -41.600000 -23.400000
2094 -41.600000 26.000000
2095 -41.600000 -26.000000
2096 -41.600000 28.600000
2097 -41.600000 -28.600000
2098 -41.600000 31.200000
2099 -41.600000 -31.200000
2100 -41.600000 33.800000
2101 -41.600000 -33.800000
2102 -41.600000 36.400000
2103 -41.600000 -36.400000
2104 -41.600000 39.000000
2105 -41.600000 -39.000000
2106 -41.600000 41.600000
2107 -41.600000 -41.600000
2108 -41.600000 44.200000
2109 -41.600000 -44.200000
2110 -41.600000 46.800000
2111 -41.600000 -46.800000
2112 -41.600000 49.400000
2113 -41.600000 -49.400000
2114 -41.600000 52.000000
2115 -41.600000 -52.000000
2116 -41.600000 54.600000
2117 -41.600000 -54.600000
2118 -41.600000 57.200000
2119 -41.600000 -57.200000
2120 -41.600000 59.800000
2121 -41.600000 -59.800000
2122 -41.600000 62.400000
2123 -41.600000 -62.400000
2124 -41.600000 65.000000
2125 -41.600000 -65.000000
2126 -41.600000 67.600000
2127 -41.600000 -67.600000
2128 -41.600000 70.200000
2129 -41.600000 -70.200000
2130 -41.600000 72.800000
2131 -41.600000 -72.800000
2132 -41.600000 75.400000
2133 -41.600000 -75.400000
2134 -41.600000 78.000000
2135 -41.600000 -78.000000
2136 44.200000 0.000000
2137 44.200000 2.600000
2138 44.200000 -2.600000
2139 44.200000 5.200000
2140 44.200000 -5.200000
2141 44.200000 7.800000
2142 44.200000 -7.800000
2143 44.200000 10.400000
2144 44.200000 -10.400000
2145 44.200000 13.000000
2146 44.200000 -13.000000
2147 44.200000 15.600000
2148 44.200000 -15.600000
2149 44.200000 18.200000
2150 44.200000 -18.200000
2151 44.200000 20.800000
2152 44.200000 -20.800000
2153 44.200000 23.400000
2154 44.200000 -23.400000
2155 44.200000 26.000000
2156 44.200000 -26.000000
2157 44.200000 28.600000
2158 44.200000 -28.600000
2159 44.200000 31.200000
2160 44.200000 -31.200000
2161 44.200000 33.800000
2162 44.200000 -33.800000
2163 44.200000 36.400000
2164 44.200000 -36.400000
2165 44.200000 39.000000
2166 44.200000 -39.000000
2167 44.200000 41.600000
2168 44.200000 -41.600000
2169 44.200000 44.200000
2170 44.200000 -44.200000
2171 44.200000 46.800000
2172 44.200000 -46.800000
2173 44.200000 49.400000
2174 44.200000 -49.400000
2175 44.200000 52.000000
2176 44.200000 -52.000000
2177 44.200000 54.600000
2178 44.200000 -54.600000
2179 44.200000 57.200000
2180 44.200000 -57.200000
2181 44.200000 59.800000
2182 44.200000 -59.800000
2183 44.200000 62.400000
2184 44.200000 -62.400000
2185 44.200000 65.000000
2186 44.200000 -65.000000
2187 44.200000 67.600000
2188 44.200000 -67.600000
2189 44.200000 70.200000
2190 44.200000 -70.200000
2191 44.200000 72.800000
2192 44.200000 -72.800000
2193 44.200000 75.400000
2194 44.200000 -75.400000
2195 -44.200000 0.000000
2196 -44.200000 2.600000
2197 -44.200000 -2.600000
2198 -44.200000 5.200000
2199 -44.200000 -5.200000
2200 -44.200000 7.800000
2201 -44.200000 -7.800000
2202 -44.200000 10.400000
2203 -44.200000 -10.400000
2204 -44.200000 13.000000
2205 -44.200000 -13.000000
2206 -44.200000 15.600000
2207 -44.200000 -15.600000
2208 -44.200000 18.200000
2209 -44.200000 -18.200000
2210 -44.200000 20.800000
2211 -44.200000 -20.800000
2212 -44.200000 23.400000
2213 -44.200000 -23.400000
2214 -44.200000 26.000000
2215 -44.200000 -26.000000
2216 -44.200000 28.600000
2217 -44.200000 -28.600000
2218 -44.200000 31.200000
2219 -44.200000 -31.200000
2220 -44.200000 33.800000
2221 -44.200000 -33.800000
2222 -44.200000 36.400000
2223 -44.200000 -36.400000
2224 -44.200000 39.000000
2225 -44.200000 -39.000000
2226 -44.200000 41.600000
2227 -44.200000 -41.600000
2228 -44.200000 44.200000
2229 -44.200000 -44.200000
2230 -44.200000 46.800000
2231 -44.200000 -46.800000
2232 -44.200000 49.400000
2233 -44.200000 -49.400000
2234 -44.200000 52.000000
2235 -44.200000 -52.000000
2236 -44.200000 54.600000
2237 -44.200000 -54.600000
2238 -44.200000 57.200000
2239 -44.200000 -57.200000
2240 -44.200000 59.800000
2241 -44.200000 -59.800000
2242 -44.200000 62.400000
2243 -44.200000 -62.400000
2244 -44.200000 65.000000
2245 -44.200000 -65.000000
2246 -44.200000 67.600000
2247 -44.200000 -67.600000
2248 -44.200000 70.200000
2249 -44.200000 -70.200000
2250 -44.200000 72.800000
2251 -44.200000 -72.800000
2252 -44.200000 75.400000
2253 -44.200000 -75.400000
2254 46.800000 0.000000
2255 46.800000 2.600000
2256 46.800000 -2.600000
2257 46.800000 5.200000
2258 46.800000 -5.200000
2259 46.800000 7.800000
2260 46.800000 -7.800000
2261 46.800000 10.400000
2262 46.800000 -10.400000
2263 46.800000 13.000000
2264 46.800000 -13.000000
2265 46.800000 15.600000
2266 46.800000 -15.600000
2267 46.800000 18.200000
2268 46.800000 -18.200000
2269 46.800000 20.800000
2270 46.800000 -20.800000
2271 46.800000 23.400000
2272 46.800000 -23.400000
2273 46.800000 26.000000
2274 46.800000 -26.000000
2275 46.800000 28.600000
2276 46.800000 -28.600000
2277 46.800000 31.200000
2278 46.800000 -31.200000
2279 46.800000 33.800000
2280 46.800000 -33.800000
2281 46.800000 36.400000
2282 46.800000 -36.400000
2283 46.800000 39.000000
2284 46.800000 -39.000000
2285 46.800000 41.600000
2286 46.800000 -41.600000
2287 46.800000 44.200000
2288 46.800000 -44.200000
2289 46.800000 46.800000
2290 46.800000 -46.800000
2291 46.800000 49.400000
2292 46.800000 -49.400000
2293 46.800000 52.000000
2294 46.800000 -52.000000
2295 46.800000 54.600000
2296 46.800000 -54.600000
2297 46.800000 57.200000
2298 46.800000 -57.200000
2299 46.800000 59.800000
2300 46.800000 -59.800000
2301 46.800000 62.400000
2302 46.800000 -62.400000
2303 46.800000 65.000000
2304 46.800000 -65.000000
2305 46.800000 67.600000
2306 46.800000 -67.600000
2307 46.800000 70.200000
2308 46.800000 -70.200000
2309 46.800000 72.800000
2310 46.800000 -72.800000
2311 46.800000 75.400000
2312 46.800000 -75.400000
2313 -46.800000 0.000000
2314 -46.800000 2.600000
2315 -46.800000 -2.600000
2316 -46.800000 5.200000
2317 -46.800000 -5.200000
2318 -46.800000 7.800000
2319 -46.800000 -7.800000
2320 -46.800000 10.400000
2321 -46.800000 -10.400000
2322 -46.800000 13.000000
2323 -46.800000 -13.000000
2324 -46.800000 15.600000
2325 -46.800000 -15.600000
2326 -46.800000 18.200000
2327 -46.800000 -18.200000
2328 -46.800000 20.800000
2329 -46.800000 -20.800000
2330 -46.800000 23.400000
2331 -46.800000 -23.400000
2332 -46.800000 26.000000
2333 -46.800000 -26.000000
2334 -46.800000 28.600000
2335 -46.800000 -28.600000
2336 -46.800000 31.200000
2337 -46.800000 -31.200000
2338 -46.800000 33.800000
2339 -46.800000 -33.800000
2340 -46.800000 36.400000
2341 -46.800000 -36.400000
2342 -46.800000 39.000000
2343 -46.800000 -39.000000
2344 -46.800000 41.600000
2345 -46.800000 -41.600000
2346 -46.800000 44.200000
2347 -46.800000 -44.200000
2348 -46.800000 46.800000
2349 -46.800000 -46.800000
2350 -46.800000 49.400000
2351 -46.800000 -49.400000
2352 -46.800000 52.000000
2353 -46.800000 -52.000000
2354 -46.800000 54.600000
2355 -46.800000 -54.600000
2356 -46.800000 57.200000
2357 -46.800000 -57.200000
2358 -46.800000 59.800000
2359 -46.800000 -59.800000
2360 -46.800000 62.400000
2361 -46.800000 -62.400000
2362 -46.800000 65.000000
2363 -46.800000 -65.000000
2364 -46.800000 67.600000
2365 -46.800000 -67.600000
2366 -46.800000 70.200000
2367 -46.800000 -70.200000
2368 -46.800000 72.800000
2369 -46.800000 -72.800000
2370 -46.800000 75.400000
2371 -46.800000 -75.400000
2372 49.400000 0.000000
2373 49.400000 2.600000
2374 49.400000 -2.600000
2375 49.400000 5.200000
2376 49.400000 -5.200000
2377 49.400000 7.800000
2378 49.400000 -7.800000
2379 49.400000 10.400000
2380 49.400000 -10.400000
2381 49.400000 13.000000
2382 49.400000 -13.000000
2383 49.400000 15.600000
2384 49.400000 -15.600000
2385 49.400000 18.200000
2386 49.400000 -18.200000
2387 49.400000 20.800000
2388 49.400000 -20.800000
2389 49.400000 23.400000
2390 49.400000 -23.400000
2391 49.400000 26.000000
2392 49.400000 -26.000000
2393 49.400000 28.600000
2394 49.400000 -28.600000
2395 49.400000 31.200000
2396 49.400000 -31.200000
2397 49.400000 33.800000
2398 49.400000 -33.800000
2399 49.400000 36.400000
2400 49.400000 -36.400000
2401 49.400000 39.000000
2402 49.400000 -39.000000
2403 49.400000 41.600000
2404 49.400000 -41.600000
2405 49.400000 44.200000
2406 49.400000 -44.200000
2407 49.400000 46.800000
2408 49.400000 -46.800000
2409 49.400000 49.400000
2410 49.400000 -49.400000
2411 49.400000 52.000000
2412 49.400000 -52.000000
2413 49.400000 54.600000
2414 49.400000 -54.600000
2415 49.400000 57.200000
2416 49.400000 -57.200000
2417 49.400000 59.800000
2418 49.400000 -59.800000
2419 49.400000 62.400000
2420 49.400000 -62.400000
2421 49.400000 65.000000
2422 49.400000 -65.000000
2423 49.400000 67.600000
2424 49.400000 -67.600000
2425 49.400000 70.200000
2426 49.400000 -70.200000
2427 49.400000 72.800000
2428 49.400000 -72.800000
2429 -49.400000 0.000000
2430 -49.400000 2.600000
2431 -49.400000 -2.600000
2432 -49.400000 5.200000
2433 -49.400000 -5.200000
2434 -49.400000 7.800000
2435 -49.400000 -7.800000
2436 -49.400000 10.400000
2437 -49.400000 -10.400000
2438 -49.400000 13.000000
2439 -49.400000 -13.000000
2440 -49.400000 15.600000
2441 -49.400000 -15.600000
2442 -49.400000 18.200000
2443 -49.400000 -18.200000
2444 -49.400000 20.800000
2445 -49.400000 -20.800000
2446 -49.400000 23.400000
2447 -49.400000 -23.400000
2448 -49.400000 26.000000
2449 -49.400000 -26.000000
2450 -49.400000 28.600000
2451 -49.400000 -28.600000
2452 -49.400000 31.200000
2453 -49.400000 -31.200000
2454 -49.400000 33.800000
2455 -49.400000 -33.800000
2456 -49.400000 36.400000
2457 -49.400000 -36.400000
2458 -49.400000 39.000000
2459 -49.400000 -39.000000
2460 -49.400000 41.600000
2461 -49.400000 -41.600000
2462 -49.400000 44.200000
2463 -49.400000 -44.200000
2464 -49.400000 46.800000
2465 -49.400000 -46.800000
2466 -49.400000 49.400000
2467 -49.400000 -49.400000
2468 -49.400000 52.000000
2469 -49.400000 -52.000000
2470 -49.400000 54.600000
2471 -49.400000 -54.600000
2472 -49.400000 57.200000
2473 -49.400000 -57.200000
2474 -49.400000 59.800000
2475 -49.400000 -59.800000
2476 -49.400000 62.400000
2477 -49.400000 -62.400000
2478 -49.400000 65.000000
2479 -49.400000 -65.000000
2480 -49.400000 67.600000
2481 -49.400000 -67.600000
2482 -49.400000 70.200000
2483 -49.400000 -70.200000
2484 -49.400000 72.800000
2485 -49.400000 -72.800000
2486 52.000000 0.000000
2487 52.000000 2.600000
2488 52.000000 -2.600000
2489 52.000000 5.200000
2490 52.000000 -5.200000
2491 52.000000 7.800000
2492 52.000000 -7.800000
2493 52.000000 10.400000
2494 52.000000 -10.400000
2495 52.000000 13.000000
2496 52.000000 -13.000000
2497 52.000000 15.600000
2498 52.000000 -15.600000
2499 52.000000 18.200000
2500 52.000000 -18.200000
2501 52.000000 20.800000
2502 52.000000 -20.800000
2503 52.000000 23.400000
2504 52.000000 -23.400000
2505 52.000000 26.000000
2506 52.000000 -26.000000
2507 52.000000 28.600000
2508 52.000000 -28.600000
2509 52.000000 31.200000
2510 52.000000 -31.200000
2511 52.000000 33.800000
2512 52.000000 -33.800000
2513 52.000000 36.400000
2514 52.000000 -36.400000
2515 52.000000 39.000000
2516 52.000000 -39.000000
2517 52.000000 41.600000
2518 52.000000 -41.600000
2519 52.000000 44.200000
2520 52.000000 -44.200000
2521 52.000000 46.800000
2522 52.000000 -46.800000
2523 52.000000 49.400000
2524 52.000000 -49.400000
2525 52.000000 52.000000
2526 52.000000 -52.000000
2527 52.000000 54.600000
2528 52.000000 -54.600000
2529 52.000000 57.200000
2530 52.000000 -57.200000
2531 52.000000 59.800000
2532 52.000000 -59.800000
2533 52.000000 62.400000
2534 52.000000 -62.400000
2535 52.000000 65.000000
2536 52.000000 -65.000000
2537 52.000000 67.600000
2538 52.000000 -67.600000
2539 52.000000 70.200000
2540 52.000000 -70.200000
2541 -52.000000 0.000000
2542 -52.000000 2.600000
2543 -52.000000 -2.600000
2544 -52.000000 5.200000
2545 -52.000000 -5.200000
2546 -52.000000 7.800000
2547 -52.000000 -7.800000
2548 -52.000000 10.400000
2549 -52.000000 -10.400000
2550 -52.000000 13.000000
2551 -52.000000 -13.000000
2552 -52.000000 15.600000
2553 -52.000000 -15.600000
2554 -52.000000 18.200000
2555 -52.000000 -18.200000
2556 -52.000000 20.800000
2557 -52.000000 -20.800000
2558 -52.000000 23.400000
2559 -52.000000 -23.400000
2560 -52.000000 26.000000
2561 -52.000000 -26.000000
2562 -52.000000 28.600000
2563 -52.000000 -28.600000
2564 -52.000000 31.200000
2565 -52.000000 -31.200000
2566 -52.000000 33.800000
2567 -52.000000 -33.800000
2568 -52.000000 36.400000
2569 -52.000000 -36.400000
2570 -52.000000 39.000000
2571 -52.000000 -39.000000
2572 -52.000000 41.600000
2573 -52.000000 -41.600000
2574 -52.000000 44.200000
2575 -52.000000 -44.200000
2576 -52.000000 46.800000
2577 -52.000000 -46.800000
2578 -52.000000 49.400000
2579 -52.000000 -49.400000
2580 -52.000000 52.000000
2581 -52.000000 -52.000000
2582 -52.000000 54.600000
2583 -52.000000 -54.600000
2584 -52.000000 57.200000
2585 -52.000000 -57.200000
2586 -52.000000 59.800000
2587 -52.000000 -59.800000
2588 -52.000000 62.400000
2589 -52.000000 -62.400000
2590 -52.000000 65.000000
2591 -52.000000 -65.000000
2592 -52.000000 67.600000
2593 -52.000000 -67.600000
2594 -52.000000 70.200000
2595 -52.000000 -70.200000
2596 54.600000 0.000000
2597 54.600000 2.600000
2598 54.600000 -2.600000
2599 54.600000 5.200000
2600 54.600000 -5.200000
2601 54.600000 7.800000
2602 54.600000 -7.800000
2603 54.600000 10.400000
2604 54.600000 -10.400000
2605 54.600000 13.000000
2606 54.600000 -13.000000
2607 54.600000 15.600000
2608 54.600000 -15.600000
2609 54.600000 18.200000
2610 54.600000 -18.200000
2611 54.600000 20.800000
2612 54.600000 -20.800000
2613 54.600000 23.400000
2614 54.600000 -23.400000
2615 54.600000 26.000000
2616 54.600000 -26.000000
2617 54.600000 28.600000
2618 54.600000 -28.600000
2619 54.600000 31.200000
2620 54.600000 -31.200000
2621 54.600000 33.800000
2622 54.600000 -33.800000
2623 54.600000 36.400000
2624 54.600000 -36.400000
2625 54.600000 39.000000
2626 54.600000 -39.000000
2627 54.600000 41.600000
2628 54.600000 -41.600000
2629 54.600000 44.200000
2630 54.600000 -44.200000
2631 54.600000 46.800000
2632 54.600000 -46.800000
2633 54.600000 49.400000
2634 54.600000 -49.400000
2635 54.600000 52.000000
2636 54.600000 -52.000000
2637 54.600000 54.600000
2638 54.600000 -54.600000
2639 54.600000 57.200000
2640 54.600000 -57.200000
2641 54.600000 59.800000
2642 54.600000 -59.800000
2643 54.600000 62.400000
2644 54.600000 -62.400000
2645 54.600000 65.000000
2646 54.600000 -65.000000
2647 54.600000 67.600000
2648 54.600000 -67.600000
2649 54.600000 70.200000
2650 54.600000 -70.200000
2651 -54.600000 0.000000
2652 -54.600000 2.600000
2653 -54.600000 -2.600000
2654 -54.600000 5.200000
2655 -54.600000 -5.200000
2656 -54.600000 7.800000
2657 -54.600000 -7.800000
2658 -54.600000 10.400000
2659 -54.600000 -10.400000
2660 -54.600000 13.000000
2661 -54.600000 -13.000000
2662 -54.600000 15.600000
2663 -54.600000 -15.600000
2664 -54.600000 18.200000
2665 -54.600000 -18.200000
2666 -54.600000 20.800000
2667 -54.600000 -20.800000
2668 -54.600000 23.400000
2669 -54.600000 -23.400000
2670 -54.600000 26.000000
2671 -54.600000 -26.000000
2672 -54.600000 28.600000
2673 -54.600000 -28.600000
2674 -54.600000 31.200000
2675 -54.600000 -31.200000
2676 -54.600000 33.800000
2677 -54.600000 -33.800000
2678 -54.600000 36.400000
2679 -54.600000 -36.400000
2680 -54.600000 39.000000
2681 -54.600000 -39.000000
2682 -54.600000 41.600000
2683 -54.600000 -41.600000
2684 -54.600000 44.200000
2685 -54.600000 -44.200000
2686 -54.600000 46.800000
2687 -54.600000 -46.800000
2688 -54.600000 49.400000
2689 -54.600000 -49.400000
2690 -54.600000 52.000000
2691 -54.600000 -52.000000
2692 -54.600000 54.600000
2693 -54.600000 -54.600000
2694 -54.600000 57.200000
2695 -54.600000 -57.200000
2696 -54.600000 59.800000
2697 -54.600000 -59.800000
2698 -54.600000 62.400000
2699 -54.600000 -62.400000
2700 -54.600000 65.000000
2701 -54.600000 -65.000000
2702 -54.600000 67.600000
2703 -54.600000 -67.600000
2704 -54.600000 70.200000
2705 -54.600000 -70.200000
2706 57.200000 0.000000
2707 57.200000 2.600000
2708 57.200000 -2.600000
2709 57.200000 5.200000
2710 57.200000 -5.200000
2711 57.200000 7.800000
2712 57.200000 -7.800000
2713 57.200000 10.400000
2714 57.200000 -10.400000
2715 57.200000 13.000000
2716 57.200000 -13.000000
2717 57.200000 15.600000
2718 57.200000 -15.600000
2719 57.200000 18.200000
2720 57.200000 -18.200000
2721 57.200000 20.800000
2722 57.200000 -20.800000
2723 57.200000 23.400000
2724 57.200000 -23.400000
2725 57.200000 26.000000
2726 57.200000 -26.000000
2727 57.200000 28.600000
2728 57.200000 -28.600000
2729 57.200000 31.200000
2730 57.200000 -31.200000
2731 57.200000 33.800000
2732 57.200000 -33.800000
2733 57.200000 36.400000
2734 57.200000 -36.400000
2735 57.200000 39.000000
2736 57.200000 -39.000000
2737 57.200000 41.600000
2738 57.200000 -41.600000
2739 57.200000 44.200000
2740 57.200000 -44.200000
2741 57.200000 46.800000
2742 57.200000 -46.800000
2743 57.200000 49.400000
2744 57.200000 -49.400000
2745 57.200000 52.000000
2746 57.200000 -52.000000
2747 57.200000 54.600000
2748 57.200000 -54.600000
2749 57.200000 57.200000
2750 57.200000 -57.200000
2751 57.200000 59.800000
2752 57.200000 -59.800000
2753 57.200000 62.400000
2754 57.200000 -62.400000
2755 57.200000 65.000000
2756 57.200000 -65.000000
2757 57.200000 67.600000
2758 57.200000 -67.600000
2759 -57.200000 0.000000
2760 -57.200000 2.600000
2761 -57.200000 -2.600000
2762 -57.200000 5.200000
2763 -57.200000 -5.200000
2764 -57.200000 7.800000
2765 -57.200000 -7.800000
2766 -57.200000 10.400000
2767 -57.200000 -10.400000
2768 -57.200000 13.000000
2769 -57.200000 -13.000000
2770 -57.200000 15.600000
2771 -57.200000 -15.600000
2772 -57.200000 18.200000
2773 -57.200000 -18.200000
2774 -57.200000 20.800000
2775 -57.200000 -20.800000
2776 -57.200000 23.400000
2777 -57.200000 -23.400000
2778 -57.200000 26.000000
2779 -57.200000 -26.000000
2780 -57.200000 28.600000
2781 -57.200000 -28.600000
2782 -57.200000 31.200000
2783 -57.200000 -31.200000
2784 -57.200000 33.800000
2785 -57.200000 -33.800000
2786 -57.200000 36.400000
2787 -57.200000 -36.400000
2788 -57.200000 39.000000
2789 -57.200000 -39.000000
2790 -57.200000 41.600000
2791 -57.200000 -41.600000
2792 -57.200000 44.200000
2793 -57.200000 -44.200000
2794 -57.200000 46.800000
2795 -57.200000 -46.800000
2796 -57.200000 49.400000
2797 -57.200000 -49.400000
2798 -57.200000 52.000000
2799 -57.200000 -52.000000
2800 -57.200000 54.600000
2801 -57.200000 -54.600000
2802 -57.200000 57.200000
2803 -57.200000 -57.200000
2804 -57.200000 59.800000
2805 -57.200000 -59.800000
2806 -57.200000 62.400000
2807 -57.200000 -62.400000
2808 -57.200000 65.000000
2809 -57.200000 -65.000000
2810 -57.200000 67.600000
2811 -57.200000 -67.600000
2812 59.800000 0.000000
2813 59.800000 2.600000
2814 59.800000 -2.600000
2815 59.800000 5.200000
2816 59.800000 -5.200000
2817 59.800000 7.800000
2818 59.800000 -7.800000
2819 59.800000 10.400000
2820 59.800000 -10.400000
2821 59.800000 13.000000
2822 59.800000 -13.000000
2823 59.800000 15.600000
2824 59.800000 -15.600000
2825 59.800000 18.200000
2826 59.800000 -18.200000
2827 59.800000 20.800000
2828 59.800000 -20.800000
2829 59.800000 23.400000
2830 59.800000 -23.400000
2831 59.800000 26.000000
2832 59.800000 -26.000000
2833 59.800000 28.600000
2834 59.800000 -28.600000
2835 59.800000 31.200000
2836 59.800000 -31.200000
2837 59.800000 33.800000
2838 59.800000 -33.800000
2839 59.800000 36.400000
2840 59.800000 -36.400000
2841 59.800000 39.000000
2842 59.800000 -39.000000
2843 59.800000 41.600000
2844 59.800000 -41.600000
2845 59.800000 44.200000
2846 59.800000 -44.200000
2847 59.800000 46.800000
2848 59.800000 -46.800000
2849 59.800000 49.400000
2850 59.800000 -49.400000
2851 59.800000 52.000000
2852 59.800000 -52.000000
2853 59.800000 54.600000
2854 59.800000 -54.600000
2855 59.800000 57.200000
2856 59.800000 -57.200000
2857 59.800000 59.800000
2858 59.800000 -59.800000
2859 59.800000 62.400000
2860 59.800000 -62.400000
2861 59.800000 65.000000
2862 59.800000 -65.000000
2863 -59.800000 0.000000
2864 -59.800000 2.600000
2865 -59.800000 -2.600000
2866 -59.800000 5.200000
2867 -59.800000 -5.200000
2868 -59.800000 7.800000
2869 -59.800000 -7.800000
2870 -59.800000 10.400000
2871 -59.800000 -10.400000
2872 -59.800000 13.000000
2873 -59.800000 -13.000000
2874 -59.800000 15.600000
2875 -59.800000 -15.600000
2876 -59.800000 18.200000
2877 -59.800000 -18.200000
2878 -59.800000 20.800000
2879 -59.800000 -20.800000
2880 -59.800000 23.400000
2881 -59.800000 -23.400000
2882 -59.800000 26.000000
2883 -59.800000 -26.000000
2884 -59.800000 28.600000
2885 -59.800000 -28.600000
2886 -59.800000 31.200000
2887 -59.800000 -31.200000
2888 -59.800000 33.800000
2889 -59.800000 -33.800000
2890 -59.800000 36.400000
2891 -59.800000 -36.400000
2892 -59.800000 39.000000
2893 -59.800000 -39.000000
2894 -59.800000 41.600000
2895 -59.800000 -41.600000
2896 -59.800000 44.200000
2897 -59.800000 -44.200000
2898 -59.800000 46.800000
2899 -59.800000 -46.800000
2900 -59.800000 49.400000
2901 -59.800000 -49.400000
2902 -59.800000 52.000000
2903 -59.800000 -52.000000
2904 -59.800000 54.600000
2905 -59.800000 -54.600000
2906 -59.800000 57.200000
2907 -59.800000 -57.200000
2908 -59.800000 59.800000
2909 -59.800000 -59.800000
2910 -59.800000 62.400000
2911 -59.800000 -62.400000
2912 -59.800000 65.000000
2913 -59.800000 -65.000000
2914 62.400000 0.000000
2915 62.400000 2.600000
2916 62.400000 -2.600000
2917 62.400000 5.200000
2918 62.400000 -5.200000
2919 62.400000 7.800000
2920 62.400000 -7.800000
2921 62.400000 10.400000
2922 62.400000 -10.400000
2923 62.400000 13.000000
2924 62.400000 -13.000000
2925 62.400000 15.600000
2926 62.400000 -15.600000
2927 62.400000 18.200000
2928 62.400000 -18.200000
2929 62.400000 20.800000
2930 62.400000 -20.800000
2931 62.400000 23.400000
2932 62.400000 -23.400000
2933 62.400000 26.000000
2934 62.400000 -26.000000
2935 62.400000 28.600000
2936 62.400000 -28.600000
2937 62.400000 31.200000
2938 62.400000 -31.200000
2939 62.400000 33.800000
2940 62.400000 -33.800000
2941 62.400000 36.400000
2942 62.400000 -36.400000
2943 62.400000 39.000000
2944 62.400000 -39.000000
2945 62.400000 41.600000
2946 62.400000 -41.600000
2947 62.400000 44.200000
2948 62.400000 -44.200000
2949 62.400000 46.800000
2950 62.400000 -46.800000
2951 62.400000 49.400000
2952 62.400000 -49.400000
2953 62.400000 52.000000
2954 62.400000 -52.000000
2955 62.400000 54.600000
2956 62.400000 -54.600000
2957 62.400000 57.200000
2958 62.400000 -57.200000
2959 62.400000 59.800000
2960 62.400000 -59.800000
2961 62.400000 62.400000
2962 62.400000 -62.400000
2963 -62.400000 0.000000
2964 -62.400000 2.600000
2965 -62.400000 -2.600000
2966 -62.400000 5.200000
2967 -62.400000 -5.200000
2968 -62.400000 7.800000
2969 -62.400000 -7.800000
2970 -62.400000 10.400000
2971 -62.400000 -10.400000
2972 -62.400000 13.000000
2973 -62.400000 -13.000000
2974 -62.400000 15.600000
2975 -62.400000 -15.600000
2976 -62.400000 18.200000
2977 -62.400000 -18.200000
2978 -62.400000 20.800000
2979 -62.400000 -20.800000
2980 -62.400000 23.400000
2981 -62.400000 -23.400000
2982 -62.400000 26.000000
2983 -62.400000 -26.000000
2984 -62.400000 28.600000
2985 -62.400000 -28.600000
2986 -62.400000 31.200000
2987 -62.400000 -31.200000
2988 -62.400000 33.800000
2989 -62.400000 -33.800000
2990 -62.400000 36.400000
2991 -62.400000 -36.400000
2992 -62.400000 39.000000
2993 -62.400000 -39.000000
2994 -62.400000 41.600000
2995 -62.400000 -41.600000
2996 -62.400000 44.200000
2997 -62.400000 -44.200000
2998 -62.400000 46.800000
2999 -62.400000 -46.800000
3000 -62.400000 49.400000
3001 -62.400000 -49.400000
3002 -62.400000 52.000000
3003 -62.400000 -52.000000
3004 -62.400000 54.600000
3005 -62.400000 -54.600000
3006 -62.400000 57.200000
3007 -62.400000 -57.200000
3008 -62.400000 59.800000
3009 -62.400000 -59.800000
3010 -62.400000 62.400000
3011 -62.400000 -62.400000
3012 65.000000 0.000000
3013 65.000000 2.600000
3014 65.000000 -2.600000
3015 65.000000 5.200000
3016 65.000000 -5.200000
3017 65.000000 7.800000
3018 65.000000 -7.800000
3019 65.000000 10.400000
3020 65.000000 -10.400000
3021 65.000000 13.000000
3022 65.000000 -13.000000
3023 65.000000 15.600000
3024 65.000000 -15.600000
3025 65.000000 18.200000
3026 65.000000 -18.200000
3027 65.000000 20.800000
3028 65.000000 -20.800000
3029 65.000000 23.400000
3030 65.000000 -23.400000
3031 65.000000 26.000000
3032 65.000000 -26.000000
3033 65.000000 28.600000
3034 65.000000 -28.600000
3035 65.000000 31.200000
3036 65.000000 -31.200000
3037 65.000000 33.800000
3038 65.000000 -33.800000
3039 65.000000 36.400000
3040 65.000000 -36.400000
3041 65.000000 39.000000
3042 65.000000 -39.000000
3043 65.000000 41.600000
3044 65.000000 -41.600000
3045 65.000000 44.200000
3046 65.000000 -44.200000
3047 65.000000 46.800000
3048 65.000000 -46.800000
3049 65.000000 49.400000
3050 65.000000 -49.400000
3051 65.000000 52.000000
3052 65.000000 -52.000000
3053 65.000000 54.600000
3054 65.000000 -54.600000
3055 65.000000 57.200000
3056 65.000000 -57.200000
3057 65.000000 59.800000
3058 65.000000 -59.800000
3059 -65.000000 0.000000
3060 -65.000000 2.600000
3061 -65.000000 -2.600000
3062 -65.000000 5.200000
3063 -65.000000 -5.200000
3064 -65.000000 7.800000
3065 -65.000000 -7.800000
3066 -65.000000 10.400000
3067 -65.000000 -10.400000
3068 -65.000000 13.000000
3069 -65.000000 -13.000000
3070 -65.000000 15.600000
3071 -65.000000 -15.600000
3072 -65.000000 18.200000
3073 -65.000000 -18.200000
3074 -65.000000 20.800000
3075 -65.000000 -20.800000
3076 -65.000000 23.400000
3077 -65.000000 -23.400000
3078 -65.000000 26.000000
3079 -65.000000 -26.000000
3080 -65.000000 28.600000
3081 -65.000000 -28.600000
3082 -65.000000 31.200000
3083 -65.000000 -31.200000
3084 -65.000000 33.800000
3085 -65.000000 -33.800000
3086 -65.000000 36.400000
3087 -65.000000 -36.400000
3088 -65.000000 39.000000
3089 -65.000000 -39.000000
3090 -65.000000 41.600000
3091 -65.000000 -41.600000
3092 -65.000000 44.200000
3093 -65.000000 -44.200000
3094 -65.000000 46.800000
3095 -65.000000 -46.800000
3096 -65.000000 49.400000
3097 -65.000000 -49.400000
3098 -65.000000 52.000000
3099 -65.000000 -52.000000
3100 -65.000000 54.600000
3101 -65.000000 -54.600000
3102 -65.000000 57.200000
3103 -65.000000 -57.200000
3104 -65.000000 59.800000
3105 -65.000000 -59.800000
3106 67.600000 0.000000
3107 67.600000 2.600000
3108 67.600000 -2.600000
3109 67.600000 5.200000
3110 67.600000 -5.200000
3111 67.600000 7.800000
3112 67.600000 -7.800000
3113 67.600000 10.400000
3114 67.600000 -10.400000
3115 67.600000 13.000000
3116 67.600000 -13.000000
3117 67.600000 15.600000
3118 67.600000 -15.600000
3119 67.600000 18.200000
3120 67.600000 -18.200000
3121 67.600000 20.800000
3122 67.600000 -20.800000
3123 67.600000 23.400000
3124 67.600000 -23.400000
3125 67.600000 26.000000
3126 67.600000 -26.000000
3127 67.600000 28.600000
3128 67.600000 -28.600000
3129 67.600000 31.200000
3130 67.600000 -31.200000
3131 67.600000 33.800000
3132 67.600000 -33.800000
3133 67.600000 36.400000
3134 67.600000 -36.400000
3135 67.600000 39.000000
3136 67.600000 -39.000000
3137 67.600000 41.600000
3138 67.600000 -41.600000
3139 67.600000 44.200000
3140 67.600000 -44.200000
3141 67.600000 46.800000
3142 67.600000 -46.800000
3143 67.600000 49.400000
3144 67.600000 -49.400000
3145 67.600000 52.000000
3146 67.600000 -52.000000
3147 67.600000 54.600000
3148 67.600000 -54.600000
3149 67.600000 57.200000
3150 67.600000 -57.200000
3151 -67.600000 0.000000
3152 -67.600000 2.600000
3153 -67.600000 -2.600000
3154 -67.600000 5.200000
3155 -67.600000 -5.200000
3156 -67.600000 7.800000
3157 -67.600000 -7.800000
3158 -67.600000 10.400000
3159 -67.600000 -10.400000
3160 -67.600000 13.000000
3161 -67.600000 -13.000000
3162 -67.600000 15.600000
3163 -67.600000 -15.600000
3164 -67.600000 18.200000
3165 -67.600000 -18.200000
3166 -67.600000 20.800000
3167 -67.600000 -20.800000
3168 -67.600000 23.400000
3169 -67.600000 -23.400000
3170 -67.600000 26.000000
3171 -67.600000 -26.000000
3172 -67.600000 28.600000
3173 -67.600000 -28.600000
3174 -67.600000 31.200000
3175 -67.600000 -31.200000
3176 -67.600000 33.800000
3177 -67.600000 -33.800000
3178 -67.600000 36.400000
3179 -67.600000 -36.400000
3180 -67.600000 39.000000
3181 -67.600000 -39.000000
3182 -67.600000 41.600000
3183 -67.600000 -41.600000
3184 -67.600000 44.200000
3185 -67.600000 -44.200000
3186 -67.600000 46.800000
3187 -67.600000 -46.800000
3188 -67.600000 49.400000
3189 -67.600000 -49.400000
3190 -67.600000 52.000000
3191 -67.600000 -52.000000
3192 -67.600000 54.600000
3193 -67.600000 -54.600000
3194 -67.600000 57.200000
3195 -67.600000 -57.200000
3196 70.200000 0.000000
3197 70.200000 2.600000
3198 70.200000 -2.600000
3199 70.200000 5.200000
3200 70.200000 -5.200000
3201 70.200000 7.800000
3202 70.200000 -7.800000
3203 70.200000 10.400000
3204 70.200000 -10.400000
3205 70.200000 13.000000
3206 70.200000 -13.000000
3207 70.200000 15.600000
3208 70.200000 -15.600000
3209 70.200000 18.200000
3210 70.200000 -18.200000
3211 70.200000 20.800000
3212 70.200000 -20.800000
3213 70.200000 23.400000
3214 70.200000 -23.400000
3215 70.200000 26.000000
3216 70.200000 -26.000000
3217 70.200000 28.600000
3218 70.200000 -28.600000
3219 70.200000 31.200000
3220 70.200000 -31.200000
3221 70.200000 33.800000
3222 70.200000 -33.800000
3223 70.200000 36.400000
3224 70.200000 -36.400000
3225 70.200000 39.000000
3226 70.200000 -39.000000
3227 70.200000 41.600000
3228 70.200000 -41.600000
3229 70.200000 44.200000
3230 70.200000 -44.200000
3231 70.200000 46.800000
3232 70.200000 -46.800000
3233 70.200000 49.400000
3234 70.200000 -49.400000
3235 70.200000 52.000000
3236 70.200000 -52.000000
3237 70.200000 54.600000
3238 70.200000 -54.600000
3239 -70.200000 0.000000
3240 -70.200000 2.600000
3241 -70.200000 -2.600000
3242 -70.200000 5.200000
3243 -70.200000 -5.200000
3244 -70.200000 7.800000
3245 -70.200000 -7.800000
3246 -70.200000 10.400000
3247 -70.200000 -10.400000
3248 -70.200000 13.000000
3249 -70.200000 -13.000000
3250 -70.200000 15.600000
3251 -70.200000 -15.600000
3252 -70.200000 18.200000
3253 -70.200000 -18.200000
3254 -70.200000 20.800000
3255 -70.200000 -20.800000
3256 -70.200000 23.400000
3257 -70.200000 -23.400000
3258 -70.200000 26.000000
3259 -70.200000 -26.000000
3260 -70.200000 28.600000
3261 -70.200000 -28.600000
3262 -70.200000 31.200000
3263 -70.200000 -31.200000
3264 -70.200000 33.800000
3265 -70.200000 -33.800000
3266 -70.200000 36.400000
3267 -70.200000 -36.400000
3268 -70.200000 39.000000
3269 -70.200000 -39.000000
3270 -70.200000 41.600000
3271 -70.200000 -41.600000
3272 -70.200000 44.200000
3273 -70.200000 -44.200000
3274 -70.200000 46.800000
3275 -70.200000 -46.800000
3276 -70.200000 49.400000
3277 -70.200000 -49.400000
3278 -70.200000 52.000000
3279 -70.200000 -52.000000
3280 -70.200000 54.600000
3281 -70.200000 -54.600000
3282 72.800000 0.000000
3283 72.800000 2.600000
3284 72.800000 -2.600000
3285 72.800000 5.200000
3286 72.800000 -5.200000
3287 72.800000 7.800000
3288 72.800000 -7.800000
3289 72.800000 10.400000
3290 72.800000 -10.400000
3291 72.800000 13.000000
3292 72.800000 -13.000000
3293 72.800000 15.600000
3294 72.800000 -15.600000
3295 72.800000 18.200000
3296 72.800000 -18.200000
3297 72.800000 20.800000
3298 72.800000 -20.800000
3299 72.800000 23.400000
3300 72.800000 -23.400000
3301 72.800000 26.000000
3302 72.800000 -26.000000
3303 72.800000 28.600000
3304 72.800000 -28.600000
3305 72.800000 31.200000
3306 72.800000 -31.200000
3307 72.800000 33.800000
3308 72.800000 -33.800000
3309 72.800000 36.400000
3310 72.800000 -36.400000
3311 72.800000 39.000000
3312 72.800000 -39.000000
3313 72.800000 41.600000
3314 72.800000 -41.600000
3315 72.800000 44.200000
3316 72.800000 -44.200000
3317 72.800000 46.800000
3318 72.800000 -46.800000
3319 72.800000 49.400000
3320 72.800000 -49.400000
3321 -72.800000 0.000000
3322 -72.800000 2.600000
3323 -72.800000 -2.600000
3324 -72.800000 5.200000
3325 -72.800000 -5.200000
3326 -72.800000 7.800000
3327 -72.800000 -7.800000
3328 -72.800000 10.400000
3329 -72.800000 -10.400000
3330 -72.800000 13.000000
3331 -72.800000 -13.000000
3332 -72.800000 15.600000
3333 -72.800000 -15.600000
3334 -72.800000 18.200000
3335 -72.800000 -18.200000
3336 -72.800000 20.800000
3337 -72.800000 -20.800000
3338 -72.800000 23.400000
3339 -72.800000 -23.400000
3340 -72.800000 26.000000
3341 -72.800000 -26.000000
3342 -72.800000 28.600000
3343 -72.800000 -28.600000
3344 -72.800000 31.200000
3345 -72.800000 -31.200000
3346 -72.800000 33.800000
3347 -72.800000 -33.800000
3348 -72.800000 36.400000
3349 -72.800000 -36.400000
3350 -72.800000 39.000000
3351 -72.800000 -39.000000
3352 -72.800000 41.600000
3353 -72.800000 -41.600000
3354 -72.800000 44.200000
3355 -72.800000 -44.200000
3356 -72.800000 46.800000
3357 -72.800000 -46.800000
3358 -72.800000 49.400000
3359 -72.800000 -49.400000
3360 75.400000 0.000000
3361 75.400000 2.600000
3362 75.400000 -2.600000
3363 75.400000 5.200000
3364 75.400000 -5.200000
3365 75.400000 7.800000
3366 75.400000 -7.800000
3367 75.400000 10.400000
3368 75.400000 -10.400000
3369 75.400000 13.000000
3370 75.400000 -13.000000
3371 75.400000 15.600000
3372 75.400000 -15.600000
3373 75.400000 18.200000
3374 75.400000 -18.200000
3375 75.400000 20.800000
3376 75.400000 -20.800000
3377 75.400000 23.400000
3378 75.400000 -23.400000
3379 75.400000 26.000000
3380 75.400000 -26.000000
3381 75.400000 28.600000
3382 75.400000 -28.600000
3383 75.400000 31.200000
3384 75.400000 -31.200000
3385 75.400000 33.800000
3386 75.400000 -33.800000
3387 75.400000 36.400000
3388 75.400000 -36.400000
3389 75.400000 39.000000
3390 75.400000 -39.000000
3391 75.400000 41.600000
3392 75.400000 -41.600000
3393 75.400000 44.200000
3394 75.400000 -44.200000
3395 75.400000 46.800000
3396 75.400000 -46.800000
3397 -75.400000 0.000000
3398 -75.400000 2.600000
3399 -75.400000 -2.600000
3400 -75.400000 5.200000
3401 -75.400000 -5.200000
3402 -75.400000 7.800000
3403 -75.400000 -7.800000
3404 -75.400000 10.400000
3405 -75.400000 -10.400000
3406 -75.400000 13.000000
3407 -75.400000 -13.000000
3408 -75.400000 15.600000
3409 -75.400000 -15.600000
3410 -75.400000 18.200000
3411 -75.400000 -18.200000
3412 -75.400000 20.800000
3413 -75.400000 -20.800000
3414 -75.400000 23.400000
3415 -75.400000 -23.400000
3416 -75.400000 26.000000
3417 -75.400000 -26.000000
3418 -75.400000 28.600000
3419 -75.400000 -28.600000
3420 -75.400000 31.200000
3421 -75.400000 -31.200000
3422 -75.400000 33.800000
3423 -75.400000 -33.800000
3424 -75.400000 36.400000
3425 -75.400000 -36.400000
3426 -75.400000 39.000000
3427 -75.400000 -39.000000
3428 -75.400000 41.600000
3429 -75.400000 -41.600000
3430 -75.400000 44.200000
3431 -75.400000 -44.200000
3432 -75.400000 46.800000
3433 -75.400000 -46.800000
3434 78.000000 0.000000
3435 78.000000 2.600000
3436 78.000000 -2.600000
3437 78.000000 5.200000
3438 78.000000 -5.200000
3439 78.000000 7.800000
3440 78.000000 -7.800000
3441 78.000000 10.400000
3442 78.000000 -10.400000
3443 78.000000 13.000000
3444 78.000000 -13.000000
3445 78.000000 15.600000
3446 78.000000 -15.600000
3447 78.000000 18.200000
3448 78.000000 -18.200000
3449 78.000000 20.800000
3450 78.000000 -20.800000
3451 78.000000 23.400000
3452 78.000000 -23.400000
3453 78.000000 26.000000
3454 78.000000 -26.000000
3455 78.000000 28.600000
3456 78.000000 -28.600000
3457 78.000000 31.200000
3458 78.000000 -31.200000
3459 78.000000 33.800000
3460 78.000000 -33.800000
3461 78.000000 36.400000
3462 78.000000 -36.400000
3463 78.000000 39.000000
3464 78.000000 -39.000000
3465 78.000000 41.600000
3466 78.000000 -41.600000
3467 -78.000000 0.000000
3468 -78.000000 2.600000
3469 -78.000000 -2.600000
3470 -78.000000 5.200000
3471 -78.000000 -5.200000
3472 -78.000000 7.800000
3473 -78.000000 -7.800000
3474 -78.000000 10.400000
3475 -78.000000 -10.400000
3476 -78.000000 13.000000
3477 -78.000000 -13.000000
3478 -78.000000 15.600000
3479 -78.000000 -15.600000
3480 -78.000000 18.200000
3481 -78.000000 -18.200000
3482 -78.000000 20.800000
3483 -78.000000 -20.800000
3484 -78.000000 23.400000
3485 -78.000000 -23.400000
3486 -78.000000 26.000000
3487 -78.000000 -26.000000
3488 -78.000000 28.600000
3489 -78.000000 -28.600000
3490 -78.000000 31.200000
3491 -78.000000 -31.200000
3492 -78.000000 33.800000
3493 -78.000000 -33.800000
3494 -78.000000 36.400000
3495 -78.000000 -36.400000
3496 -78.000000 39.000000
3497 -78.000000 -39.000000
3498 -78.000000 41.600000
3499 -78.000000 -41.600000
3500 80.600000 0.000000
3501 80.600000 2.600000
3502 80.600000 -2.600000
3503 80.600000 5.200000
3504 80.600000 -5.200000
3505 80.600000 7.800000
3506 80.600000 -7.800000
3507 80.600000 10.400000
3508 80.600000 -10.400000
3509 80.600000 13.000000
3510 80.600000 -13.000000
3511 80.600000 15.600000
3512 80.600000 -15.600000
3513 80.600000 18.200000
3514 80.600000 -18.200000
3515 80.600000 20.800000
3516 80.600000 -20.800000
3517 80.600000 23.400000
3518 80.600000 -23.400000
3519 80.600000 26.000000
3520 80.600000 -26.000000
3521 80.600000 28.600000
3522 80.600000 -28.600000
3523 80.600000 31.200000
3524 80.600000 -31.200000
3525 80.600000 33.800000
3526 80.600000 -33.800000
3527 80.600000 36.400000
3528 80.600000 -36.400000
3529 -80.600000 0.000000
3530 -80.600000 2.600000
3531 -80.600000 -2.600000
3532 -80.600000 5.200000
3533 -80.600000 -5.200000
3534 -80.600000 7.800000
3535 -80.600000 -7.800000
3536 -80.600000 10.400000
3537 -80.600000 -10.400000
3538 -80.600000 13.000000
3539 -80.600000 -13.000000
3540 -80.600000 15.600000
3541 -80.600000 -15.600000
3542 -80.600000 18.200000
3543 -80.600000 -18.200000
3544 -80.600000 20.800000
3545 -80.600000 -20.800000
3546 -80.600000 23.400000
3547 -80.600000 -23.400000
3548 -80.600000 26.000000
3549 -80.600000 -26.000000
3550 -80.600000 28.600000
3551 -80.600000 -28.600000
3552 -80.600000 31.200000
3553 -80.600000 -31.200000
3554 -80.600000 33.800000
3555 -80.600000 -33.800000
3556 -80.600000 36.400000
3557 -80.600000 -36.400000
3558 83.200000 0.000000
3559 83.200000 2.600000
3560 83.200000 -2.600000
3561 83.200000 5.200000
3562 83.200000 -5.200000
3563 83.200000 7.800000
3564 83.200000 -7.800000
3565 83.200000 10.400000
3566 83.200000 -10.400000
3567 83.200000 13.000000
3568 83.200000 -13.000000
3569 83.200000 15.600000
3570 83.200000 -15.600000
3571 83.200000 18.200000
3572 83.200000 -18.200000
3573 83.200000 20.800000
3574 83.200000 -20.800000
3575 83.200000 23.400000
3576 83.200000 -23.400000
3577 83.200000 26.000000
3578 83.200000 -26.000000
3579 83.200000 28.600000
3580 83.200000 -28.600000
3581 83.200000 31.200000
3582 83.200000 -31.200000
3583 -83.200000 0.000000
3584 -83.200000 2.600000
3585 -83.200000 -2.600000
3586 -83.200000 5.200000
3587 -83.200000 -5.200000
3588 -83.200000 7.800000
3589 -83.200000 -7.800000
3590 -83.200000 10.400000
3591 -83.200000 -10.400000
3592 -83.200000 13.000000
3593 -83.200000 -13.000000
3594 -83.200000 15.600000
3595 -83.200000 -15.600000
3596 -83.200000 18.200000
3597 -83.200000 -18.200000
3598 -83.200000 20.800000
3599 -83.200000 -20.800000
3600 -83.200000 23.400000
3601 -83.200000 -23.400000
3602 -83.200000 26.000000
3603 -83.200000 -26.000000
3604 -83.200000 28.600000
3605 -83.200000 -28.600000
3606 -83.200000 31.200000
3607 -83.200000 -31.200000
3608 85.800000 0.000000
3609 85.800000 2.600000
3610 85.800000 -2.600000
3611 85.800000 5.200000
3612 85.800000 -5.200000
3613 85.800000 7.800000
3614 85.800000 -7.800000
3615 85.800000 10.400000
3616 85.800000 -10.400000
3617 85.800000 13.000000
3618 85.800000 -13.000000
3619 85.800000 15.600000
3620 85.800000 -15.600000
3621 85.800000 18.200000
3622 85.800000 -18.200000
3623 85.800000 20.800000
3624 85.800000 -20.800000
3625 85.800000 23.400000
3626 85.800000 -23.400000
3627 -85.800000 0.000000
3628 -85.800000 2.600000
3629 -85.800000 -2.600000
3630 -85.800000 5.200000
3631 -85.800000 -5.200000
3632 -85.800000 7.800000
3633 -85.800000 -7.800000
3634 -85.800000 10.400000
3635 -85.800000 -10.400000
3636 -85.800000 13.000000
3637 -85.800000 -13.000000
3638 -85.800000 15.600000
3639 -85.800000 -15.600000
3640 -85.800000 18.200000
3641 -85.800000 -18.200000
3642 -85.800000 20.800000
3643 -85.800000 -20.800000
3644 -85.800000 23.400000
3645 -85.800000 -23.400000
3646 88.400000 0.000000
3647 88.400000 2.600000
3648 88.400000 -2.600000
3649 88.400000 5.200000
3650 88.400000 -5.200000
3651 88.400000 7.800000
3652 88.400000 -7.800000
3653 -88.400000 0.000000
3654 -88.400000 2.600000
3655 -88.400000 -2.600000
3656 -88.400000 5.200000
3657 -88.400000 -5.200000
3658 -88.400000 7.800000
3659 -88.400000 -7.800000
