0 172.338344 12.423112
1 172.338344 9.832445
2 172.338344 7.237950
3 172.338344 4.640636
4 172.338344 2.041514
5 172.338344 -0.558402
6 172.338344 -3.158102
7 172.338344 -5.756571
8 172.338344 -8.352798
9 172.338344 -10.945772
10 169.883594 19.013142
11 169.883594 16.436518
12 169.883594 13.853574
13 169.883594 11.265305
14 169.883594 8.672705
15 169.883594 6.076771
16 169.883594 3.478501
17 169.883594 0.878894
18 169.883594 -1.721051
19 169.883594 -4.320335
20 169.883594 -6.917958
21 169.883594 -9.512921
22 169.883594 -12.104227
23 169.883594 -14.690880
24 169.883594 -17.271885
25 169.883594 -19.846250
26 167.413357 22.788399
27 167.413357 20.222444
28 167.413357 17.648808
29 167.413357 15.068469
30 167.413357 12.482408
31 167.413357 9.891607
32 167.413357 7.297048
33 167.413357 4.699719
34 167.413357 2.100605
35 167.413357 -0.499307
36 167.413357 -3.099030
37 167.413357 -5.697575
38 167.413357 -8.293957
39 167.413357 -10.887189
40 167.413357 -13.476286
41 167.413357 -16.060265
42 167.413357 -18.638145
43 167.413357 -21.208946
44 167.413357 -23.771693
45 164.928485 26.333605
46 164.928485 23.779384
47 164.928485 21.216236
48 164.928485 18.645121
49 164.928485 16.067006
50 164.928485 13.482858
51 164.928485 10.893648
52 164.928485 8.300348
53 164.928485 5.703932
54 164.928485 3.105374
55 164.928485 0.505650
56 164.928485 -2.094264
57 164.928485 -4.693391
58 164.928485 -7.290756
59 164.928485 -9.885384
60 164.928485 -12.476301
61 164.928485 -15.062533
62 164.928485 -17.643109
63 164.928485 -20.217062
64 164.928485 -22.783424
65 164.928485 -25.341231
66 164.928485 -27.889524
67 162.429836 29.648498
68 162.429836 27.106722
69 162.429836 24.554877
70 162.429836 21.993911
71 162.429836 19.424774
72 162.429836 16.848422
73 162.429836 14.265811
74 162.429836 11.677901
75 162.429836 9.085653
76 162.429836 6.490030
77 162.429836 3.891996
78 162.429836 1.292517
79 162.429836 -1.307443
80 162.429836 -3.906917
81 162.429836 -6.504940
82 162.429836 -9.100546
83 162.429836 -11.692772
84 162.429836 -14.280655
85 162.429836 -16.863232
86 162.429836 -19.439545
87 162.429836 -22.008638
88 162.429836 -24.569554
89 162.429836 -27.121344
90 162.429836 -29.663060
91 159.918271 32.733483
92 159.918271 30.204544
93 159.918271 27.664496
94 159.918271 25.114272
95 159.918271 22.554812
96 159.918271 19.987057
97 159.918271 17.411950
98 159.918271 14.830440
99 159.918271 12.243474
100 159.918271 9.652006
101 159.918271 7.056988
102 159.918271 4.459374
103 159.918271 1.860121
104 159.918271 -0.739817
105 159.918271 -3.339483
106 159.918271 -5.937921
107 159.918271 -8.534175
108 159.918271 -11.127289
109 159.918271 -13.716312
110 159.918271 -16.300289
111 159.918271 -18.878272
112 159.918271 -21.449311
113 159.918271 -24.012461
114 159.918271 -26.566780
115 159.918271 -29.111327
116 159.918271 -31.645168
117 159.918271 -34.167369
118 157.394656 35.589481
119 157.394656 33.073486
120 157.394656 30.545439
121 157.394656 28.006261
122 157.394656 25.456876
123 157.394656 22.898214
124 157.394656 20.331208
125 157.394656 17.756792
126 157.394656 15.175905
127 157.394656 12.589488
128 157.394656 9.998483
129 157.394656 7.403835
130 157.394656 4.806488
131 157.394656 2.207389
132 157.394656 -0.392513
133 157.394656 -2.992273
134 157.394656 -5.590942
135 157.394656 -8.187574
136 157.394656 -10.781222
137 157.394656 -13.370942
138 157.394656 -15.955788
139 157.394656 -18.534820
140 157.394656 -21.107097
141 157.394656 -23.671683
142 157.394656 -26.227641
143 157.394656 -28.774042
144 157.394656 -31.309957
145 157.394656 -33.834462
146 157.394656 -36.346637
147 154.859861 38.217790
148 154.859861 35.714597
149 154.859861 33.198500
150 154.859861 30.670406
151 154.859861 28.131230
152 154.859861 25.581888
153 154.859861 23.023303
154 154.859861 20.456398
155 154.859861 17.882101
156 154.859861 15.301343
157 154.859861 12.715055
158 154.859861 10.124173
159 154.859861 7.529633
160 154.859861 4.932372
161 154.859861 2.333328
162 154.859861 -0.266558
163 154.859861 -2.866349
164 154.859861 -5.465103
165 154.859861 -8.061883
166 154.859861 -10.655750
167 154.859861 -13.245766
168 154.859861 -15.830996
169 154.859861 -18.410505
170 154.859861 -20.983362
171 154.859861 -23.548636
172 154.859861 -26.105402
173 154.859861 -28.652734
174 154.859861 -31.189712
175 154.859861 -33.715421
176 154.859861 -36.228946
177 152.314761 35.624793
178 152.314761 33.107593
179 152.314761 30.578523
180 152.314761 28.038489
181 152.314761 25.488401
182 152.314761 22.929174
183 152.314761 20.361726
184 152.314761 17.786977
185 152.314761 15.205851
186 152.314761 12.619272
187 152.314761 10.028168
188 152.314761 7.433469
189 152.314761 4.836105
190 152.314761 2.237006
191 152.314761 -0.362895
192 152.314761 -2.962665
193 152.314761 -5.561373
194 152.314761 -8.158087
195 152.314761 -10.751876
196 152.314761 -13.341810
197 152.314761 -15.926960
198 152.314761 -18.506400
199 152.314761 -21.079203
200 152.314761 -23.644449
201 152.314761 -26.201217
202 152.314761 -28.748590
203 152.314761 -31.285655
204 152.314761 -33.811503
205 152.314761 -36.325227
206 149.760234 35.318951
207 149.760234 32.799678
208 149.760234 30.268726
209 149.760234 27.726997
210 149.760234 25.175396
211 149.760234 22.614832
212 149.760234 20.046216
213 149.760234 17.470462
214 149.760234 14.888489
215 149.760234 12.301214
216 149.760234 9.709560
217 149.760234 7.114448
218 149.760234 4.516804
219 149.760234 1.917551
220 149.760234 -0.682384
221 149.760234 -3.282076
222 149.760234 -5.880600
223 149.760234 -8.477030
224 149.760234 -11.070442
225 149.760234 -13.659912
226 149.760234 -16.244519
227 149.760234 -18.823342
228 149.760234 -21.395463
229 149.760234 -23.959967
230 149.760234 -26.515940
231 149.760234 -29.062471
232 149.760234 -31.598656
233 149.760234 -34.123590
234 149.760234 -36.636374
235 147.197161 34.795793
236 147.197161 32.273514
237 147.197161 29.739816
238 147.197161 27.195596
239 147.197161 24.641755
240 147.197161 22.079195
241 147.197161 19.508824
242 147.197161 16.931550
243 147.197161 14.348286
244 147.197161 11.759946
245 147.197161 9.167446
246 147.197161 6.571701
247 147.197161 3.973632
248 147.197161 1.374157
249 147.197161 -1.225804
250 147.197161 -3.825332
251 147.197161 -6.423506
252 147.197161 -9.019408
253 147.197161 -11.612118
254 147.197161 -14.200721
255 147.197161 -16.784299
256 147.197161 -19.361938
257 147.197161 -21.932728
258 147.197161 -24.495758
259 147.197161 -27.050121
260 147.197161 -29.594914
261 147.197161 -32.129236
262 147.197161 -34.652191
263 144.626425 34.053887
264 144.626425 31.527727
265 144.626425 28.990476
266 144.626425 26.443025
267 144.626425 23.886271
268 144.626425 21.321113
269 144.626425 18.748454
270 144.626425 16.169200
271 144.626425 13.584256
272 144.626425 10.994534
273 144.626425 8.400943
274 144.626425 5.804397
275 144.626425 3.205809
276 144.626425 0.606093
277 144.626425 -1.993837
278 144.626425 -4.593064
279 144.626425 -7.190676
280 144.626425 -9.785758
281 144.626425 -12.377398
282 144.626425 -14.964683
283 144.626425 -17.546702
284 144.626425 -20.122549
285 144.626425 -22.691317
286 144.626425 -25.252101
287 144.626425 -27.804001
288 144.626425 -30.346119
289 144.626425 -32.877561
290 144.626425 -35.397436
291 142.048913 33.091674
292 142.048913 30.560832
293 142.048913 28.019291
294 142.048913 25.467941
295 142.048913 22.907675
296 142.048913 20.339389
297 142.048913 17.763982
298 142.048913 15.182356
299 142.048913 12.595415
300 142.048913 10.004064
301 142.048913 7.409212
302 142.048913 4.811765
303 142.048913 2.212633
304 142.048913 -0.387273
305 142.048913 -2.987043
306 142.048913 -5.585768
307 142.048913 -8.182537
308 142.048913 -10.776441
309 142.048913 -13.366573
310 142.048913 -15.952025
311 142.048913 -18.531893
312 142.048913 -21.105272
313 142.048913 -23.671263
314 142.048913 -26.228967
315 142.048913 -28.777488
316 142.048913 -31.315935
317 142.048913 -33.843418
318 139.465514 34.432606
319 139.465514 31.907492
320 139.465514 29.371254
321 139.465514 26.824777
322 139.465514 24.268949
323 139.465514 21.704660
324 139.465514 19.132804
325 139.465514 16.554278
326 139.465514 13.969981
327 139.465514 11.380813
328 139.465514 8.787679
329 139.465514 6.191480
330 139.465514 3.593123
331 139.465514 0.993514
332 139.465514 -1.606442
333 139.465514 -4.205838
334 139.465514 -6.803768
335 139.465514 -9.399326
336 139.465514 -11.991607
337 139.465514 -14.579707
338 139.465514 -17.162725
339 139.465514 -19.739759
340 139.465514 -22.309912
341 139.465514 -24.872287
342 139.465514 -27.425991
343 139.465514 -29.970133
344 139.465514 -32.503828
345 136.877120 33.031260
346 136.877120 30.499613
347 136.877120 27.957370
348 136.877120 25.405416
349 136.877120 22.844635
350 136.877120 20.275919
351 136.877120 17.700159
352 136.877120 15.118249
353 136.877120 12.531088
354 136.877120 9.939574
355 136.877120 7.344606
356 136.877120 4.747087
357 136.877120 2.147919
358 136.877120 -0.451995
359 136.877120 -3.051753
360 136.877120 -5.650450
361 136.877120 -8.247184
362 136.877120 -10.841053
363 136.877120 -13.431156
364 136.877120 -16.016593
365 136.877120 -18.596466
366 136.877120 -21.169879
367 136.877120 -23.735937
368 136.877120 -26.293749
369 136.877120 -28.842428
370 136.877120 -31.381086
371 136.877120 -33.908843
372 134.284622 31.405017
373 134.284622 28.866282
374 134.284622 26.317547
375 134.284622 23.759695
376 134.284622 21.193613
377 134.284622 18.620188
378 134.284622 16.040314
379 134.284622 13.454882
380 134.284622 10.864790
381 134.284622 8.270934
382 134.284622 5.674213
383 134.284622 3.075526
384 134.284622 0.475773
385 134.284622 -2.124144
386 134.284622 -4.723325
387 134.284622 -7.320871
388 134.284622 -9.915880
389 134.284622 -12.507454
390 134.284622 -15.094695
391 134.284622 -17.676707
392 134.284622 -20.252595
393 134.284622 -22.821468
394 134.284622 -25.382435
395 134.284622 -27.934609
396 134.284622 -30.477106
397 134.284622 -33.009045
398 131.688915 32.088032
399 131.688915 29.552007
400 131.688915 27.005766
401 131.688915 24.450190
402 131.688915 21.886162
403 131.688915 19.314569
404 131.688915 16.736298
405 131.688915 14.152243
406 131.688915 11.563295
407 131.688915 8.970350
408 131.688915 6.374303
409 131.688915 3.776054
410 131.688915 1.176499
411 131.688915 -1.423462
412 131.688915 -4.022932
413 131.688915 -6.621011
414 131.688915 -9.216801
415 131.688915 -11.809405
416 131.688915 -14.397926
417 131.688915 -16.981471
418 131.688915 -19.559145
419 131.688915 -22.130059
420 131.688915 -24.693322
421 131.688915 -27.248049
422 131.688915 -29.793357
423 131.688915 -32.328366
424 129.090895 30.014946
425 129.090895 27.470421
426 129.090895 24.916413
427 129.090895 22.353805
428 129.090895 19.783480
429 129.090895 -21.662559
430 129.090895 -24.227332
431 129.090895 -26.783742
432 129.090895 -29.330906
433 129.090895 -31.867946
